Column	Row	Geometry	Frequency
0	0	POLYGON ((-0.9659999897332535 0.3139594705097014,-0.9277173359845626 0.3139594705097014,-0.9277173359845626 0.33812435958253567,-0.9659999897332535 0.33812435958253567,-0.9659999897332535 0.3139594705097014))	84
1	0	POLYGON ((-0.9277173359845626 0.3139594705097014,-0.8894346822358716 0.3139594705097014,-0.8894346822358716 0.33812435958253567,-0.9277173359845626 0.33812435958253567,-0.9277173359845626 0.3139594705097014))	3941
2	0	POLYGON ((-0.8894346822358716 0.3139594705097014,-0.8511520284871807 0.3139594705097014,-0.8511520284871807 0.33812435958253567,-0.8894346822358716 0.33812435958253567,-0.8894346822358716 0.3139594705097014))	1805
3	0	POLYGON ((-0.8511520284871807 0.3139594705097014,-0.8128693747384897 0.3139594705097014,-0.8128693747384897 0.33812435958253567,-0.8511520284871807 0.33812435958253567,-0.8511520284871807 0.3139594705097014))	235
4	0	POLYGON ((-0.8128693747384897 0.3139594705097014,-0.7745867209897987 0.3139594705097014,-0.7745867209897987 0.33812435958253567,-0.8128693747384897 0.33812435958253567,-0.8128693747384897 0.3139594705097014))	12
5	0	POLYGON ((-0.7745867209897987 0.3139594705097014,-0.7363040672411078 0.3139594705097014,-0.7363040672411078 0.33812435958253567,-0.7745867209897987 0.33812435958253567,-0.7745867209897987 0.3139594705097014))	0
6	0	POLYGON ((-0.7363040672411078 0.3139594705097014,-0.6980214134924169 0.3139594705097014,-0.6980214134924169 0.33812435958253567,-0.7363040672411078 0.33812435958253567,-0.7363040672411078 0.3139594705097014))	0
7	0	POLYGON ((-0.6980214134924169 0.3139594705097014,-0.6597387597437259 0.3139594705097014,-0.6597387597437259 0.33812435958253567,-0.6980214134924169 0.33812435958253567,-0.6980214134924169 0.3139594705097014))	0
8	0	POLYGON ((-0.6597387597437259 0.3139594705097014,-0.621456105995035 0.3139594705097014,-0.621456105995035 0.33812435958253567,-0.6597387597437259 0.33812435958253567,-0.6597387597437259 0.3139594705097014))	0
9	0	POLYGON ((-0.621456105995035 0.3139594705097014,-0.583173452246344 0.3139594705097014,-0.583173452246344 0.33812435958253567,-0.621456105995035 0.33812435958253567,-0.621456105995035 0.3139594705097014))	0
10	0	POLYGON ((-0.583173452246344 0.3139594705097014,-0.5448907984976531 0.3139594705097014,-0.5448907984976531 0.33812435958253567,-0.583173452246344 0.33812435958253567,-0.583173452246344 0.3139594705097014))	0
11	0	POLYGON ((-0.5448907984976531 0.3139594705097014,-0.5066081447489621 0.3139594705097014,-0.5066081447489621 0.33812435958253567,-0.5448907984976531 0.33812435958253567,-0.5448907984976531 0.3139594705097014))	0
12	0	POLYGON ((-0.5066081447489621 0.3139594705097014,-0.4683254910002712 0.3139594705097014,-0.4683254910002712 0.33812435958253567,-0.5066081447489621 0.33812435958253567,-0.5066081447489621 0.3139594705097014))	0
13	0	POLYGON ((-0.4683254910002712 0.3139594705097014,-0.4300428372515802 0.3139594705097014,-0.4300428372515802 0.33812435958253567,-0.4683254910002712 0.33812435958253567,-0.4683254910002712 0.3139594705097014))	0
14	0	POLYGON ((-0.4300428372515802 0.3139594705097014,-0.39176018350288927 0.3139594705097014,-0.39176018350288927 0.33812435958253567,-0.4300428372515802 0.33812435958253567,-0.4300428372515802 0.3139594705097014))	0
15	0	POLYGON ((-0.39176018350288927 0.3139594705097014,-0.3534775297541983 0.3139594705097014,-0.3534775297541983 0.33812435958253567,-0.39176018350288927 0.33812435958253567,-0.39176018350288927 0.3139594705097014))	0
16	0	POLYGON ((-0.3534775297541983 0.3139594705097014,-0.3151948760055074 0.3139594705097014,-0.3151948760055074 0.33812435958253567,-0.3534775297541983 0.33812435958253567,-0.3534775297541983 0.3139594705097014))	0
17	0	POLYGON ((-0.3151948760055074 0.3139594705097014,-0.27691222225681644 0.3139594705097014,-0.27691222225681644 0.33812435958253567,-0.3151948760055074 0.33812435958253567,-0.3151948760055074 0.3139594705097014))	0
18	0	POLYGON ((-0.27691222225681644 0.3139594705097014,-0.23862956850812547 0.3139594705097014,-0.23862956850812547 0.33812435958253567,-0.27691222225681644 0.33812435958253567,-0.27691222225681644 0.3139594705097014))	0
19	0	POLYGON ((-0.23862956850812547 0.3139594705097014,-0.2003469147594345 0.3139594705097014,-0.2003469147594345 0.33812435958253567,-0.23862956850812547 0.33812435958253567,-0.23862956850812547 0.3139594705097014))	0
20	0	POLYGON ((-0.2003469147594345 0.3139594705097014,-0.16206426101074356 0.3139594705097014,-0.16206426101074356 0.33812435958253567,-0.2003469147594345 0.33812435958253567,-0.2003469147594345 0.3139594705097014))	0
21	0	POLYGON ((-0.16206426101074356 0.3139594705097014,-0.12378160726205262 0.3139594705097014,-0.12378160726205262 0.33812435958253567,-0.16206426101074356 0.33812435958253567,-0.16206426101074356 0.3139594705097014))	0
22	0	POLYGON ((-0.12378160726205262 0.3139594705097014,-0.08549895351336165 0.3139594705097014,-0.08549895351336165 0.33812435958253567,-0.12378160726205262 0.33812435958253567,-0.12378160726205262 0.3139594705097014))	0
23	0	POLYGON ((-0.08549895351336165 0.3139594705097014,-0.04721629976467073 0.3139594705097014,-0.04721629976467073 0.33812435958253567,-0.08549895351336165 0.33812435958253567,-0.08549895351336165 0.3139594705097014))	0
24	0	POLYGON ((-0.04721629976467073 0.3139594705097014,-0.00893364601597979 0.3139594705097014,-0.00893364601597979 0.33812435958253567,-0.04721629976467073 0.33812435958253567,-0.04721629976467073 0.3139594705097014))	0
25	0	POLYGON ((-0.00893364601597979 0.3139594705097014,0.02934900773271118 0.3139594705097014,0.02934900773271118 0.33812435958253567,-0.00893364601597979 0.33812435958253567,-0.00893364601597979 0.3139594705097014))	0
26	0	POLYGON ((0.02934900773271118 0.3139594705097014,0.06763166148140212 0.3139594705097014,0.06763166148140212 0.33812435958253567,0.02934900773271118 0.33812435958253567,0.02934900773271118 0.3139594705097014))	0
27	0	POLYGON ((0.06763166148140212 0.3139594705097014,0.10591431523009305 0.3139594705097014,0.10591431523009305 0.33812435958253567,0.06763166148140212 0.33812435958253567,0.06763166148140212 0.3139594705097014))	0
28	0	POLYGON ((0.10591431523009305 0.3139594705097014,0.14419696897878403 0.3139594705097014,0.14419696897878403 0.33812435958253567,0.10591431523009305 0.33812435958253567,0.10591431523009305 0.3139594705097014))	0
29	0	POLYGON ((0.14419696897878403 0.3139594705097014,0.18247962272747495 0.3139594705097014,0.18247962272747495 0.33812435958253567,0.14419696897878403 0.33812435958253567,0.14419696897878403 0.3139594705097014))	0
30	0	POLYGON ((0.18247962272747495 0.3139594705097014,0.22076227647616592 0.3139594705097014,0.22076227647616592 0.33812435958253567,0.18247962272747495 0.33812435958253567,0.18247962272747495 0.3139594705097014))	0
31	0	POLYGON ((0.22076227647616592 0.3139594705097014,0.25904493022485686 0.3139594705097014,0.25904493022485686 0.33812435958253567,0.22076227647616592 0.33812435958253567,0.22076227647616592 0.3139594705097014))	0
0	1	POLYGON ((-0.9659999897332535 0.33812435958253567,-0.9277173359845626 0.33812435958253567,-0.9277173359845626 0.36228924865536993,-0.9659999897332535 0.36228924865536993,-0.9659999897332535 0.33812435958253567))	371816
1	1	POLYGON ((-0.9277173359845626 0.33812435958253567,-0.8894346822358716 0.33812435958253567,-0.8894346822358716 0.36228924865536993,-0.9277173359845626 0.36228924865536993,-0.9277173359845626 0.33812435958253567))	39362
2	1	POLYGON ((-0.8894346822358716 0.33812435958253567,-0.8511520284871807 0.33812435958253567,-0.8511520284871807 0.36228924865536993,-0.8894346822358716 0.36228924865536993,-0.8894346822358716 0.33812435958253567))	13651
3	1	POLYGON ((-0.8511520284871807 0.33812435958253567,-0.8128693747384897 0.33812435958253567,-0.8128693747384897 0.36228924865536993,-0.8511520284871807 0.36228924865536993,-0.8511520284871807 0.33812435958253567))	2667
4	1	POLYGON ((-0.8128693747384897 0.33812435958253567,-0.7745867209897987 0.33812435958253567,-0.7745867209897987 0.36228924865536993,-0.8128693747384897 0.36228924865536993,-0.8128693747384897 0.33812435958253567))	271
5	1	POLYGON ((-0.7745867209897987 0.33812435958253567,-0.7363040672411078 0.33812435958253567,-0.7363040672411078 0.36228924865536993,-0.7745867209897987 0.36228924865536993,-0.7745867209897987 0.33812435958253567))	17
6	1	POLYGON ((-0.7363040672411078 0.33812435958253567,-0.6980214134924169 0.33812435958253567,-0.6980214134924169 0.36228924865536993,-0.7363040672411078 0.36228924865536993,-0.7363040672411078 0.33812435958253567))	0
7	1	POLYGON ((-0.6980214134924169 0.33812435958253567,-0.6597387597437259 0.33812435958253567,-0.6597387597437259 0.36228924865536993,-0.6980214134924169 0.36228924865536993,-0.6980214134924169 0.33812435958253567))	0
8	1	POLYGON ((-0.6597387597437259 0.33812435958253567,-0.621456105995035 0.33812435958253567,-0.621456105995035 0.36228924865536993,-0.6597387597437259 0.36228924865536993,-0.6597387597437259 0.33812435958253567))	0
9	1	POLYGON ((-0.621456105995035 0.33812435958253567,-0.583173452246344 0.33812435958253567,-0.583173452246344 0.36228924865536993,-0.621456105995035 0.36228924865536993,-0.621456105995035 0.33812435958253567))	0
10	1	POLYGON ((-0.583173452246344 0.33812435958253567,-0.5448907984976531 0.33812435958253567,-0.5448907984976531 0.36228924865536993,-0.583173452246344 0.36228924865536993,-0.583173452246344 0.33812435958253567))	0
11	1	POLYGON ((-0.5448907984976531 0.33812435958253567,-0.5066081447489621 0.33812435958253567,-0.5066081447489621 0.36228924865536993,-0.5448907984976531 0.36228924865536993,-0.5448907984976531 0.33812435958253567))	0
12	1	POLYGON ((-0.5066081447489621 0.33812435958253567,-0.4683254910002712 0.33812435958253567,-0.4683254910002712 0.36228924865536993,-0.5066081447489621 0.36228924865536993,-0.5066081447489621 0.33812435958253567))	0
13	1	POLYGON ((-0.4683254910002712 0.33812435958253567,-0.4300428372515802 0.33812435958253567,-0.4300428372515802 0.36228924865536993,-0.4683254910002712 0.36228924865536993,-0.4683254910002712 0.33812435958253567))	0
14	1	POLYGON ((-0.4300428372515802 0.33812435958253567,-0.39176018350288927 0.33812435958253567,-0.39176018350288927 0.36228924865536993,-0.4300428372515802 0.36228924865536993,-0.4300428372515802 0.33812435958253567))	0
15	1	POLYGON ((-0.39176018350288927 0.33812435958253567,-0.3534775297541983 0.33812435958253567,-0.3534775297541983 0.36228924865536993,-0.39176018350288927 0.36228924865536993,-0.39176018350288927 0.33812435958253567))	0
16	1	POLYGON ((-0.3534775297541983 0.33812435958253567,-0.3151948760055074 0.33812435958253567,-0.3151948760055074 0.36228924865536993,-0.3534775297541983 0.36228924865536993,-0.3534775297541983 0.33812435958253567))	0
17	1	POLYGON ((-0.3151948760055074 0.33812435958253567,-0.27691222225681644 0.33812435958253567,-0.27691222225681644 0.36228924865536993,-0.3151948760055074 0.36228924865536993,-0.3151948760055074 0.33812435958253567))	0
18	1	POLYGON ((-0.27691222225681644 0.33812435958253567,-0.23862956850812547 0.33812435958253567,-0.23862956850812547 0.36228924865536993,-0.27691222225681644 0.36228924865536993,-0.27691222225681644 0.33812435958253567))	0
19	1	POLYGON ((-0.23862956850812547 0.33812435958253567,-0.2003469147594345 0.33812435958253567,-0.2003469147594345 0.36228924865536993,-0.23862956850812547 0.36228924865536993,-0.23862956850812547 0.33812435958253567))	0
20	1	POLYGON ((-0.2003469147594345 0.33812435958253567,-0.16206426101074356 0.33812435958253567,-0.16206426101074356 0.36228924865536993,-0.2003469147594345 0.36228924865536993,-0.2003469147594345 0.33812435958253567))	0
21	1	POLYGON ((-0.16206426101074356 0.33812435958253567,-0.12378160726205262 0.33812435958253567,-0.12378160726205262 0.36228924865536993,-0.16206426101074356 0.36228924865536993,-0.16206426101074356 0.33812435958253567))	0
22	1	POLYGON ((-0.12378160726205262 0.33812435958253567,-0.08549895351336165 0.33812435958253567,-0.08549895351336165 0.36228924865536993,-0.12378160726205262 0.36228924865536993,-0.12378160726205262 0.33812435958253567))	0
23	1	POLYGON ((-0.08549895351336165 0.33812435958253567,-0.04721629976467073 0.33812435958253567,-0.04721629976467073 0.36228924865536993,-0.08549895351336165 0.36228924865536993,-0.08549895351336165 0.33812435958253567))	0
24	1	POLYGON ((-0.04721629976467073 0.33812435958253567,-0.00893364601597979 0.33812435958253567,-0.00893364601597979 0.36228924865536993,-0.04721629976467073 0.36228924865536993,-0.04721629976467073 0.33812435958253567))	0
25	1	POLYGON ((-0.00893364601597979 0.33812435958253567,0.02934900773271118 0.33812435958253567,0.02934900773271118 0.36228924865536993,-0.00893364601597979 0.36228924865536993,-0.00893364601597979 0.33812435958253567))	0
26	1	POLYGON ((0.02934900773271118 0.33812435958253567,0.06763166148140212 0.33812435958253567,0.06763166148140212 0.36228924865536993,0.02934900773271118 0.36228924865536993,0.02934900773271118 0.33812435958253567))	0
27	1	POLYGON ((0.06763166148140212 0.33812435958253567,0.10591431523009305 0.33812435958253567,0.10591431523009305 0.36228924865536993,0.06763166148140212 0.36228924865536993,0.06763166148140212 0.33812435958253567))	0
28	1	POLYGON ((0.10591431523009305 0.33812435958253567,0.14419696897878403 0.33812435958253567,0.14419696897878403 0.36228924865536993,0.10591431523009305 0.36228924865536993,0.10591431523009305 0.33812435958253567))	0
29	1	POLYGON ((0.14419696897878403 0.33812435958253567,0.18247962272747495 0.33812435958253567,0.18247962272747495 0.36228924865536993,0.14419696897878403 0.36228924865536993,0.14419696897878403 0.33812435958253567))	0
30	1	POLYGON ((0.18247962272747495 0.33812435958253567,0.22076227647616592 0.33812435958253567,0.22076227647616592 0.36228924865536993,0.18247962272747495 0.36228924865536993,0.18247962272747495 0.33812435958253567))	0
31	1	POLYGON ((0.22076227647616592 0.33812435958253567,0.25904493022485686 0.33812435958253567,0.25904493022485686 0.36228924865536993,0.22076227647616592 0.36228924865536993,0.22076227647616592 0.33812435958253567))	0
0	2	POLYGON ((-0.9659999897332535 0.36228924865536993,-0.9277173359845626 0.36228924865536993,-0.9277173359845626 0.38645413772820414,-0.9659999897332535 0.38645413772820414,-0.9659999897332535 0.36228924865536993))	202672
1	2	POLYGON ((-0.9277173359845626 0.36228924865536993,-0.8894346822358716 0.36228924865536993,-0.8894346822358716 0.38645413772820414,-0.9277173359845626 0.38645413772820414,-0.9277173359845626 0.36228924865536993))	430528
2	2	POLYGON ((-0.8894346822358716 0.36228924865536993,-0.8511520284871807 0.36228924865536993,-0.8511520284871807 0.38645413772820414,-0.8894346822358716 0.38645413772820414,-0.8894346822358716 0.36228924865536993))	42510
3	2	POLYGON ((-0.8511520284871807 0.36228924865536993,-0.8128693747384897 0.36228924865536993,-0.8128693747384897 0.38645413772820414,-0.8511520284871807 0.38645413772820414,-0.8511520284871807 0.36228924865536993))	15175
4	2	POLYGON ((-0.8128693747384897 0.36228924865536993,-0.7745867209897987 0.36228924865536993,-0.7745867209897987 0.38645413772820414,-0.8128693747384897 0.38645413772820414,-0.8128693747384897 0.36228924865536993))	3194
5	2	POLYGON ((-0.7745867209897987 0.36228924865536993,-0.7363040672411078 0.36228924865536993,-0.7363040672411078 0.38645413772820414,-0.7745867209897987 0.38645413772820414,-0.7745867209897987 0.36228924865536993))	370
6	2	POLYGON ((-0.7363040672411078 0.36228924865536993,-0.6980214134924169 0.36228924865536993,-0.6980214134924169 0.38645413772820414,-0.7363040672411078 0.38645413772820414,-0.7363040672411078 0.36228924865536993))	22
7	2	POLYGON ((-0.6980214134924169 0.36228924865536993,-0.6597387597437259 0.36228924865536993,-0.6597387597437259 0.38645413772820414,-0.6980214134924169 0.38645413772820414,-0.6980214134924169 0.36228924865536993))	0
8	2	POLYGON ((-0.6597387597437259 0.36228924865536993,-0.621456105995035 0.36228924865536993,-0.621456105995035 0.38645413772820414,-0.6597387597437259 0.38645413772820414,-0.6597387597437259 0.36228924865536993))	0
9	2	POLYGON ((-0.621456105995035 0.36228924865536993,-0.583173452246344 0.36228924865536993,-0.583173452246344 0.38645413772820414,-0.621456105995035 0.38645413772820414,-0.621456105995035 0.36228924865536993))	0
10	2	POLYGON ((-0.583173452246344 0.36228924865536993,-0.5448907984976531 0.36228924865536993,-0.5448907984976531 0.38645413772820414,-0.583173452246344 0.38645413772820414,-0.583173452246344 0.36228924865536993))	0
11	2	POLYGON ((-0.5448907984976531 0.36228924865536993,-0.5066081447489621 0.36228924865536993,-0.5066081447489621 0.38645413772820414,-0.5448907984976531 0.38645413772820414,-0.5448907984976531 0.36228924865536993))	0
12	2	POLYGON ((-0.5066081447489621 0.36228924865536993,-0.4683254910002712 0.36228924865536993,-0.4683254910002712 0.38645413772820414,-0.5066081447489621 0.38645413772820414,-0.5066081447489621 0.36228924865536993))	0
13	2	POLYGON ((-0.4683254910002712 0.36228924865536993,-0.4300428372515802 0.36228924865536993,-0.4300428372515802 0.38645413772820414,-0.4683254910002712 0.38645413772820414,-0.4683254910002712 0.36228924865536993))	0
14	2	POLYGON ((-0.4300428372515802 0.36228924865536993,-0.39176018350288927 0.36228924865536993,-0.39176018350288927 0.38645413772820414,-0.4300428372515802 0.38645413772820414,-0.4300428372515802 0.36228924865536993))	0
15	2	POLYGON ((-0.39176018350288927 0.36228924865536993,-0.3534775297541983 0.36228924865536993,-0.3534775297541983 0.38645413772820414,-0.39176018350288927 0.38645413772820414,-0.39176018350288927 0.36228924865536993))	0
16	2	POLYGON ((-0.3534775297541983 0.36228924865536993,-0.3151948760055074 0.36228924865536993,-0.3151948760055074 0.38645413772820414,-0.3534775297541983 0.38645413772820414,-0.3534775297541983 0.36228924865536993))	0
17	2	POLYGON ((-0.3151948760055074 0.36228924865536993,-0.27691222225681644 0.36228924865536993,-0.27691222225681644 0.38645413772820414,-0.3151948760055074 0.38645413772820414,-0.3151948760055074 0.36228924865536993))	0
18	2	POLYGON ((-0.27691222225681644 0.36228924865536993,-0.23862956850812547 0.36228924865536993,-0.23862956850812547 0.38645413772820414,-0.27691222225681644 0.38645413772820414,-0.27691222225681644 0.36228924865536993))	0
19	2	POLYGON ((-0.23862956850812547 0.36228924865536993,-0.2003469147594345 0.36228924865536993,-0.2003469147594345 0.38645413772820414,-0.23862956850812547 0.38645413772820414,-0.23862956850812547 0.36228924865536993))	0
20	2	POLYGON ((-0.2003469147594345 0.36228924865536993,-0.16206426101074356 0.36228924865536993,-0.16206426101074356 0.38645413772820414,-0.2003469147594345 0.38645413772820414,-0.2003469147594345 0.36228924865536993))	0
21	2	POLYGON ((-0.16206426101074356 0.36228924865536993,-0.12378160726205262 0.36228924865536993,-0.12378160726205262 0.38645413772820414,-0.16206426101074356 0.38645413772820414,-0.16206426101074356 0.36228924865536993))	0
22	2	POLYGON ((-0.12378160726205262 0.36228924865536993,-0.08549895351336165 0.36228924865536993,-0.08549895351336165 0.38645413772820414,-0.12378160726205262 0.38645413772820414,-0.12378160726205262 0.36228924865536993))	0
23	2	POLYGON ((-0.08549895351336165 0.36228924865536993,-0.04721629976467073 0.36228924865536993,-0.04721629976467073 0.38645413772820414,-0.08549895351336165 0.38645413772820414,-0.08549895351336165 0.36228924865536993))	0
24	2	POLYGON ((-0.04721629976467073 0.36228924865536993,-0.00893364601597979 0.36228924865536993,-0.00893364601597979 0.38645413772820414,-0.04721629976467073 0.38645413772820414,-0.04721629976467073 0.36228924865536993))	0
25	2	POLYGON ((-0.00893364601597979 0.36228924865536993,0.02934900773271118 0.36228924865536993,0.02934900773271118 0.38645413772820414,-0.00893364601597979 0.38645413772820414,-0.00893364601597979 0.36228924865536993))	0
26	2	POLYGON ((0.02934900773271118 0.36228924865536993,0.06763166148140212 0.36228924865536993,0.06763166148140212 0.38645413772820414,0.02934900773271118 0.38645413772820414,0.02934900773271118 0.36228924865536993))	0
27	2	POLYGON ((0.06763166148140212 0.36228924865536993,0.10591431523009305 0.36228924865536993,0.10591431523009305 0.38645413772820414,0.06763166148140212 0.38645413772820414,0.06763166148140212 0.36228924865536993))	0
28	2	POLYGON ((0.10591431523009305 0.36228924865536993,0.14419696897878403 0.36228924865536993,0.14419696897878403 0.38645413772820414,0.10591431523009305 0.38645413772820414,0.10591431523009305 0.36228924865536993))	0
29	2	POLYGON ((0.14419696897878403 0.36228924865536993,0.18247962272747495 0.36228924865536993,0.18247962272747495 0.38645413772820414,0.14419696897878403 0.38645413772820414,0.14419696897878403 0.36228924865536993))	0
30	2	POLYGON ((0.18247962272747495 0.36228924865536993,0.22076227647616592 0.36228924865536993,0.22076227647616592 0.38645413772820414,0.18247962272747495 0.38645413772820414,0.18247962272747495 0.36228924865536993))	0
31	2	POLYGON ((0.22076227647616592 0.36228924865536993,0.25904493022485686 0.36228924865536993,0.25904493022485686 0.38645413772820414,0.22076227647616592 0.38645413772820414,0.22076227647616592 0.36228924865536993))	0
0	3	POLYGON ((-0.9659999897332535 0.38645413772820414,-0.9277173359845626 0.38645413772820414,-0.9277173359845626 0.4106190268010384,-0.9659999897332535 0.4106190268010384,-0.9659999897332535 0.38645413772820414))	20248
1	3	POLYGON ((-0.9277173359845626 0.38645413772820414,-0.8894346822358716 0.38645413772820414,-0.8894346822358716 0.4106190268010384,-0.9277173359845626 0.4106190268010384,-0.9277173359845626 0.38645413772820414))	164644
2	3	POLYGON ((-0.8894346822358716 0.38645413772820414,-0.8511520284871807 0.38645413772820414,-0.8511520284871807 0.4106190268010384,-0.8894346822358716 0.4106190268010384,-0.8894346822358716 0.38645413772820414))	475374
3	3	POLYGON ((-0.8511520284871807 0.38645413772820414,-0.8128693747384897 0.38645413772820414,-0.8128693747384897 0.4106190268010384,-0.8511520284871807 0.4106190268010384,-0.8511520284871807 0.38645413772820414))	44959
4	3	POLYGON ((-0.8128693747384897 0.38645413772820414,-0.7745867209897987 0.38645413772820414,-0.7745867209897987 0.4106190268010384,-0.8128693747384897 0.4106190268010384,-0.8128693747384897 0.38645413772820414))	17271
5	3	POLYGON ((-0.7745867209897987 0.38645413772820414,-0.7363040672411078 0.38645413772820414,-0.7363040672411078 0.4106190268010384,-0.7745867209897987 0.4106190268010384,-0.7745867209897987 0.38645413772820414))	3666
6	3	POLYGON ((-0.7363040672411078 0.38645413772820414,-0.6980214134924169 0.38645413772820414,-0.6980214134924169 0.4106190268010384,-0.7363040672411078 0.4106190268010384,-0.7363040672411078 0.38645413772820414))	428
7	3	POLYGON ((-0.6980214134924169 0.38645413772820414,-0.6597387597437259 0.38645413772820414,-0.6597387597437259 0.4106190268010384,-0.6980214134924169 0.4106190268010384,-0.6980214134924169 0.38645413772820414))	17
8	3	POLYGON ((-0.6597387597437259 0.38645413772820414,-0.621456105995035 0.38645413772820414,-0.621456105995035 0.4106190268010384,-0.6597387597437259 0.4106190268010384,-0.6597387597437259 0.38645413772820414))	0
9	3	POLYGON ((-0.621456105995035 0.38645413772820414,-0.583173452246344 0.38645413772820414,-0.583173452246344 0.4106190268010384,-0.621456105995035 0.4106190268010384,-0.621456105995035 0.38645413772820414))	0
10	3	POLYGON ((-0.583173452246344 0.38645413772820414,-0.5448907984976531 0.38645413772820414,-0.5448907984976531 0.4106190268010384,-0.583173452246344 0.4106190268010384,-0.583173452246344 0.38645413772820414))	0
11	3	POLYGON ((-0.5448907984976531 0.38645413772820414,-0.5066081447489621 0.38645413772820414,-0.5066081447489621 0.4106190268010384,-0.5448907984976531 0.4106190268010384,-0.5448907984976531 0.38645413772820414))	0
12	3	POLYGON ((-0.5066081447489621 0.38645413772820414,-0.4683254910002712 0.38645413772820414,-0.4683254910002712 0.4106190268010384,-0.5066081447489621 0.4106190268010384,-0.5066081447489621 0.38645413772820414))	0
13	3	POLYGON ((-0.4683254910002712 0.38645413772820414,-0.4300428372515802 0.38645413772820414,-0.4300428372515802 0.4106190268010384,-0.4683254910002712 0.4106190268010384,-0.4683254910002712 0.38645413772820414))	0
14	3	POLYGON ((-0.4300428372515802 0.38645413772820414,-0.39176018350288927 0.38645413772820414,-0.39176018350288927 0.4106190268010384,-0.4300428372515802 0.4106190268010384,-0.4300428372515802 0.38645413772820414))	0
15	3	POLYGON ((-0.39176018350288927 0.38645413772820414,-0.3534775297541983 0.38645413772820414,-0.3534775297541983 0.4106190268010384,-0.39176018350288927 0.4106190268010384,-0.39176018350288927 0.38645413772820414))	0
16	3	POLYGON ((-0.3534775297541983 0.38645413772820414,-0.3151948760055074 0.38645413772820414,-0.3151948760055074 0.4106190268010384,-0.3534775297541983 0.4106190268010384,-0.3534775297541983 0.38645413772820414))	0
17	3	POLYGON ((-0.3151948760055074 0.38645413772820414,-0.27691222225681644 0.38645413772820414,-0.27691222225681644 0.4106190268010384,-0.3151948760055074 0.4106190268010384,-0.3151948760055074 0.38645413772820414))	0
18	3	POLYGON ((-0.27691222225681644 0.38645413772820414,-0.23862956850812547 0.38645413772820414,-0.23862956850812547 0.4106190268010384,-0.27691222225681644 0.4106190268010384,-0.27691222225681644 0.38645413772820414))	0
19	3	POLYGON ((-0.23862956850812547 0.38645413772820414,-0.2003469147594345 0.38645413772820414,-0.2003469147594345 0.4106190268010384,-0.23862956850812547 0.4106190268010384,-0.23862956850812547 0.38645413772820414))	0
20	3	POLYGON ((-0.2003469147594345 0.38645413772820414,-0.16206426101074356 0.38645413772820414,-0.16206426101074356 0.4106190268010384,-0.2003469147594345 0.4106190268010384,-0.2003469147594345 0.38645413772820414))	0
21	3	POLYGON ((-0.16206426101074356 0.38645413772820414,-0.12378160726205262 0.38645413772820414,-0.12378160726205262 0.4106190268010384,-0.16206426101074356 0.4106190268010384,-0.16206426101074356 0.38645413772820414))	0
22	3	POLYGON ((-0.12378160726205262 0.38645413772820414,-0.08549895351336165 0.38645413772820414,-0.08549895351336165 0.4106190268010384,-0.12378160726205262 0.4106190268010384,-0.12378160726205262 0.38645413772820414))	0
23	3	POLYGON ((-0.08549895351336165 0.38645413772820414,-0.04721629976467073 0.38645413772820414,-0.04721629976467073 0.4106190268010384,-0.08549895351336165 0.4106190268010384,-0.08549895351336165 0.38645413772820414))	0
24	3	POLYGON ((-0.04721629976467073 0.38645413772820414,-0.00893364601597979 0.38645413772820414,-0.00893364601597979 0.4106190268010384,-0.04721629976467073 0.4106190268010384,-0.04721629976467073 0.38645413772820414))	0
25	3	POLYGON ((-0.00893364601597979 0.38645413772820414,0.02934900773271118 0.38645413772820414,0.02934900773271118 0.4106190268010384,-0.00893364601597979 0.4106190268010384,-0.00893364601597979 0.38645413772820414))	0
26	3	POLYGON ((0.02934900773271118 0.38645413772820414,0.06763166148140212 0.38645413772820414,0.06763166148140212 0.4106190268010384,0.02934900773271118 0.4106190268010384,0.02934900773271118 0.38645413772820414))	0
27	3	POLYGON ((0.06763166148140212 0.38645413772820414,0.10591431523009305 0.38645413772820414,0.10591431523009305 0.4106190268010384,0.06763166148140212 0.4106190268010384,0.06763166148140212 0.38645413772820414))	0
28	3	POLYGON ((0.10591431523009305 0.38645413772820414,0.14419696897878403 0.38645413772820414,0.14419696897878403 0.4106190268010384,0.10591431523009305 0.4106190268010384,0.10591431523009305 0.38645413772820414))	0
29	3	POLYGON ((0.14419696897878403 0.38645413772820414,0.18247962272747495 0.38645413772820414,0.18247962272747495 0.4106190268010384,0.14419696897878403 0.4106190268010384,0.14419696897878403 0.38645413772820414))	0
30	3	POLYGON ((0.18247962272747495 0.38645413772820414,0.22076227647616592 0.38645413772820414,0.22076227647616592 0.4106190268010384,0.18247962272747495 0.4106190268010384,0.18247962272747495 0.38645413772820414))	0
31	3	POLYGON ((0.22076227647616592 0.38645413772820414,0.25904493022485686 0.38645413772820414,0.25904493022485686 0.4106190268010384,0.22076227647616592 0.4106190268010384,0.22076227647616592 0.38645413772820414))	0
0	4	POLYGON ((-0.9659999897332535 0.4106190268010384,-0.9277173359845626 0.4106190268010384,-0.9277173359845626 0.43478391587387266,-0.9659999897332535 0.43478391587387266,-0.9659999897332535 0.4106190268010384))	4176
1	4	POLYGON ((-0.9277173359845626 0.4106190268010384,-0.8894346822358716 0.4106190268010384,-0.8894346822358716 0.43478391587387266,-0.9277173359845626 0.43478391587387266,-0.9277173359845626 0.4106190268010384))	23663
2	4	POLYGON ((-0.8894346822358716 0.4106190268010384,-0.8511520284871807 0.4106190268010384,-0.8511520284871807 0.43478391587387266,-0.8894346822358716 0.43478391587387266,-0.8894346822358716 0.4106190268010384))	117291
3	4	POLYGON ((-0.8511520284871807 0.4106190268010384,-0.8128693747384897 0.4106190268010384,-0.8128693747384897 0.43478391587387266,-0.8511520284871807 0.43478391587387266,-0.8511520284871807 0.4106190268010384))	521139
4	4	POLYGON ((-0.8128693747384897 0.4106190268010384,-0.7745867209897987 0.4106190268010384,-0.7745867209897987 0.43478391587387266,-0.8128693747384897 0.43478391587387266,-0.8128693747384897 0.4106190268010384))	47964
5	4	POLYGON ((-0.7745867209897987 0.4106190268010384,-0.7363040672411078 0.4106190268010384,-0.7363040672411078 0.43478391587387266,-0.7745867209897987 0.43478391587387266,-0.7745867209897987 0.4106190268010384))	19122
6	4	POLYGON ((-0.7363040672411078 0.4106190268010384,-0.6980214134924169 0.4106190268010384,-0.6980214134924169 0.43478391587387266,-0.7363040672411078 0.43478391587387266,-0.7363040672411078 0.4106190268010384))	4335
7	4	POLYGON ((-0.6980214134924169 0.4106190268010384,-0.6597387597437259 0.4106190268010384,-0.6597387597437259 0.43478391587387266,-0.6980214134924169 0.43478391587387266,-0.6980214134924169 0.4106190268010384))	578
8	4	POLYGON ((-0.6597387597437259 0.4106190268010384,-0.621456105995035 0.4106190268010384,-0.621456105995035 0.43478391587387266,-0.6597387597437259 0.43478391587387266,-0.6597387597437259 0.4106190268010384))	54
9	4	POLYGON ((-0.621456105995035 0.4106190268010384,-0.583173452246344 0.4106190268010384,-0.583173452246344 0.43478391587387266,-0.621456105995035 0.43478391587387266,-0.621456105995035 0.4106190268010384))	1
10	4	POLYGON ((-0.583173452246344 0.4106190268010384,-0.5448907984976531 0.4106190268010384,-0.5448907984976531 0.43478391587387266,-0.583173452246344 0.43478391587387266,-0.583173452246344 0.4106190268010384))	0
11	4	POLYGON ((-0.5448907984976531 0.4106190268010384,-0.5066081447489621 0.4106190268010384,-0.5066081447489621 0.43478391587387266,-0.5448907984976531 0.43478391587387266,-0.5448907984976531 0.4106190268010384))	0
12	4	POLYGON ((-0.5066081447489621 0.4106190268010384,-0.4683254910002712 0.4106190268010384,-0.4683254910002712 0.43478391587387266,-0.5066081447489621 0.43478391587387266,-0.5066081447489621 0.4106190268010384))	0
13	4	POLYGON ((-0.4683254910002712 0.4106190268010384,-0.4300428372515802 0.4106190268010384,-0.4300428372515802 0.43478391587387266,-0.4683254910002712 0.43478391587387266,-0.4683254910002712 0.4106190268010384))	0
14	4	POLYGON ((-0.4300428372515802 0.4106190268010384,-0.39176018350288927 0.4106190268010384,-0.39176018350288927 0.43478391587387266,-0.4300428372515802 0.43478391587387266,-0.4300428372515802 0.4106190268010384))	0
15	4	POLYGON ((-0.39176018350288927 0.4106190268010384,-0.3534775297541983 0.4106190268010384,-0.3534775297541983 0.43478391587387266,-0.39176018350288927 0.43478391587387266,-0.39176018350288927 0.4106190268010384))	0
16	4	POLYGON ((-0.3534775297541983 0.4106190268010384,-0.3151948760055074 0.4106190268010384,-0.3151948760055074 0.43478391587387266,-0.3534775297541983 0.43478391587387266,-0.3534775297541983 0.4106190268010384))	0
17	4	POLYGON ((-0.3151948760055074 0.4106190268010384,-0.27691222225681644 0.4106190268010384,-0.27691222225681644 0.43478391587387266,-0.3151948760055074 0.43478391587387266,-0.3151948760055074 0.4106190268010384))	0
18	4	POLYGON ((-0.27691222225681644 0.4106190268010384,-0.23862956850812547 0.4106190268010384,-0.23862956850812547 0.43478391587387266,-0.27691222225681644 0.43478391587387266,-0.27691222225681644 0.4106190268010384))	0
19	4	POLYGON ((-0.23862956850812547 0.4106190268010384,-0.2003469147594345 0.4106190268010384,-0.2003469147594345 0.43478391587387266,-0.23862956850812547 0.43478391587387266,-0.23862956850812547 0.4106190268010384))	0
20	4	POLYGON ((-0.2003469147594345 0.4106190268010384,-0.16206426101074356 0.4106190268010384,-0.16206426101074356 0.43478391587387266,-0.2003469147594345 0.43478391587387266,-0.2003469147594345 0.4106190268010384))	0
21	4	POLYGON ((-0.16206426101074356 0.4106190268010384,-0.12378160726205262 0.4106190268010384,-0.12378160726205262 0.43478391587387266,-0.16206426101074356 0.43478391587387266,-0.16206426101074356 0.4106190268010384))	0
22	4	POLYGON ((-0.12378160726205262 0.4106190268010384,-0.08549895351336165 0.4106190268010384,-0.08549895351336165 0.43478391587387266,-0.12378160726205262 0.43478391587387266,-0.12378160726205262 0.4106190268010384))	0
23	4	POLYGON ((-0.08549895351336165 0.4106190268010384,-0.04721629976467073 0.4106190268010384,-0.04721629976467073 0.43478391587387266,-0.08549895351336165 0.43478391587387266,-0.08549895351336165 0.4106190268010384))	0
24	4	POLYGON ((-0.04721629976467073 0.4106190268010384,-0.00893364601597979 0.4106190268010384,-0.00893364601597979 0.43478391587387266,-0.04721629976467073 0.43478391587387266,-0.04721629976467073 0.4106190268010384))	0
25	4	POLYGON ((-0.00893364601597979 0.4106190268010384,0.02934900773271118 0.4106190268010384,0.02934900773271118 0.43478391587387266,-0.00893364601597979 0.43478391587387266,-0.00893364601597979 0.4106190268010384))	0
26	4	POLYGON ((0.02934900773271118 0.4106190268010384,0.06763166148140212 0.4106190268010384,0.06763166148140212 0.43478391587387266,0.02934900773271118 0.43478391587387266,0.02934900773271118 0.4106190268010384))	0
27	4	POLYGON ((0.06763166148140212 0.4106190268010384,0.10591431523009305 0.4106190268010384,0.10591431523009305 0.43478391587387266,0.06763166148140212 0.43478391587387266,0.06763166148140212 0.4106190268010384))	0
28	4	POLYGON ((0.10591431523009305 0.4106190268010384,0.14419696897878403 0.4106190268010384,0.14419696897878403 0.43478391587387266,0.10591431523009305 0.43478391587387266,0.10591431523009305 0.4106190268010384))	0
29	4	POLYGON ((0.14419696897878403 0.4106190268010384,0.18247962272747495 0.4106190268010384,0.18247962272747495 0.43478391587387266,0.14419696897878403 0.43478391587387266,0.14419696897878403 0.4106190268010384))	0
30	4	POLYGON ((0.18247962272747495 0.4106190268010384,0.22076227647616592 0.4106190268010384,0.22076227647616592 0.43478391587387266,0.18247962272747495 0.43478391587387266,0.18247962272747495 0.4106190268010384))	0
31	4	POLYGON ((0.22076227647616592 0.4106190268010384,0.25904493022485686 0.4106190268010384,0.25904493022485686 0.43478391587387266,0.22076227647616592 0.43478391587387266,0.22076227647616592 0.4106190268010384))	0
0	5	POLYGON ((-0.9659999897332535 0.43478391587387266,-0.9277173359845626 0.43478391587387266,-0.9277173359845626 0.4589488049467069,-0.9659999897332535 0.4589488049467069,-0.9659999897332535 0.43478391587387266))	414
1	5	POLYGON ((-0.9277173359845626 0.43478391587387266,-0.8894346822358716 0.43478391587387266,-0.8894346822358716 0.4589488049467069,-0.9277173359845626 0.4589488049467069,-0.9277173359845626 0.43478391587387266))	5121
2	5	POLYGON ((-0.8894346822358716 0.43478391587387266,-0.8511520284871807 0.43478391587387266,-0.8511520284871807 0.4589488049467069,-0.8894346822358716 0.4589488049467069,-0.8894346822358716 0.43478391587387266))	21185
3	5	POLYGON ((-0.8511520284871807 0.43478391587387266,-0.8128693747384897 0.43478391587387266,-0.8128693747384897 0.4589488049467069,-0.8511520284871807 0.4589488049467069,-0.8511520284871807 0.43478391587387266))	70881
4	5	POLYGON ((-0.8128693747384897 0.43478391587387266,-0.7745867209897987 0.43478391587387266,-0.7745867209897987 0.4589488049467069,-0.8128693747384897 0.4589488049467069,-0.8128693747384897 0.43478391587387266))	541626
5	5	POLYGON ((-0.7745867209897987 0.43478391587387266,-0.7363040672411078 0.43478391587387266,-0.7363040672411078 0.4589488049467069,-0.7745867209897987 0.4589488049467069,-0.7745867209897987 0.43478391587387266))	74495
6	5	POLYGON ((-0.7363040672411078 0.43478391587387266,-0.6980214134924169 0.43478391587387266,-0.6980214134924169 0.4589488049467069,-0.7363040672411078 0.4589488049467069,-0.7363040672411078 0.43478391587387266))	21388
7	5	POLYGON ((-0.6980214134924169 0.43478391587387266,-0.6597387597437259 0.43478391587387266,-0.6597387597437259 0.4589488049467069,-0.6980214134924169 0.4589488049467069,-0.6980214134924169 0.43478391587387266))	5245
8	5	POLYGON ((-0.6597387597437259 0.43478391587387266,-0.621456105995035 0.43478391587387266,-0.621456105995035 0.4589488049467069,-0.6597387597437259 0.4589488049467069,-0.6597387597437259 0.43478391587387266))	772
9	5	POLYGON ((-0.621456105995035 0.43478391587387266,-0.583173452246344 0.43478391587387266,-0.583173452246344 0.4589488049467069,-0.621456105995035 0.4589488049467069,-0.621456105995035 0.43478391587387266))	52
10	5	POLYGON ((-0.583173452246344 0.43478391587387266,-0.5448907984976531 0.43478391587387266,-0.5448907984976531 0.4589488049467069,-0.583173452246344 0.4589488049467069,-0.583173452246344 0.43478391587387266))	4
11	5	POLYGON ((-0.5448907984976531 0.43478391587387266,-0.5066081447489621 0.43478391587387266,-0.5066081447489621 0.4589488049467069,-0.5448907984976531 0.4589488049467069,-0.5448907984976531 0.43478391587387266))	0
12	5	POLYGON ((-0.5066081447489621 0.43478391587387266,-0.4683254910002712 0.43478391587387266,-0.4683254910002712 0.4589488049467069,-0.5066081447489621 0.4589488049467069,-0.5066081447489621 0.43478391587387266))	0
13	5	POLYGON ((-0.4683254910002712 0.43478391587387266,-0.4300428372515802 0.43478391587387266,-0.4300428372515802 0.4589488049467069,-0.4683254910002712 0.4589488049467069,-0.4683254910002712 0.43478391587387266))	0
14	5	POLYGON ((-0.4300428372515802 0.43478391587387266,-0.39176018350288927 0.43478391587387266,-0.39176018350288927 0.4589488049467069,-0.4300428372515802 0.4589488049467069,-0.4300428372515802 0.43478391587387266))	0
15	5	POLYGON ((-0.39176018350288927 0.43478391587387266,-0.3534775297541983 0.43478391587387266,-0.3534775297541983 0.4589488049467069,-0.39176018350288927 0.4589488049467069,-0.39176018350288927 0.43478391587387266))	0
16	5	POLYGON ((-0.3534775297541983 0.43478391587387266,-0.3151948760055074 0.43478391587387266,-0.3151948760055074 0.4589488049467069,-0.3534775297541983 0.4589488049467069,-0.3534775297541983 0.43478391587387266))	0
17	5	POLYGON ((-0.3151948760055074 0.43478391587387266,-0.27691222225681644 0.43478391587387266,-0.27691222225681644 0.4589488049467069,-0.3151948760055074 0.4589488049467069,-0.3151948760055074 0.43478391587387266))	0
18	5	POLYGON ((-0.27691222225681644 0.43478391587387266,-0.23862956850812547 0.43478391587387266,-0.23862956850812547 0.4589488049467069,-0.27691222225681644 0.4589488049467069,-0.27691222225681644 0.43478391587387266))	0
19	5	POLYGON ((-0.23862956850812547 0.43478391587387266,-0.2003469147594345 0.43478391587387266,-0.2003469147594345 0.4589488049467069,-0.23862956850812547 0.4589488049467069,-0.23862956850812547 0.43478391587387266))	0
20	5	POLYGON ((-0.2003469147594345 0.43478391587387266,-0.16206426101074356 0.43478391587387266,-0.16206426101074356 0.4589488049467069,-0.2003469147594345 0.4589488049467069,-0.2003469147594345 0.43478391587387266))	0
21	5	POLYGON ((-0.16206426101074356 0.43478391587387266,-0.12378160726205262 0.43478391587387266,-0.12378160726205262 0.4589488049467069,-0.16206426101074356 0.4589488049467069,-0.16206426101074356 0.43478391587387266))	0
22	5	POLYGON ((-0.12378160726205262 0.43478391587387266,-0.08549895351336165 0.43478391587387266,-0.08549895351336165 0.4589488049467069,-0.12378160726205262 0.4589488049467069,-0.12378160726205262 0.43478391587387266))	0
23	5	POLYGON ((-0.08549895351336165 0.43478391587387266,-0.04721629976467073 0.43478391587387266,-0.04721629976467073 0.4589488049467069,-0.08549895351336165 0.4589488049467069,-0.08549895351336165 0.43478391587387266))	0
24	5	POLYGON ((-0.04721629976467073 0.43478391587387266,-0.00893364601597979 0.43478391587387266,-0.00893364601597979 0.4589488049467069,-0.04721629976467073 0.4589488049467069,-0.04721629976467073 0.43478391587387266))	0
25	5	POLYGON ((-0.00893364601597979 0.43478391587387266,0.02934900773271118 0.43478391587387266,0.02934900773271118 0.4589488049467069,-0.00893364601597979 0.4589488049467069,-0.00893364601597979 0.43478391587387266))	0
26	5	POLYGON ((0.02934900773271118 0.43478391587387266,0.06763166148140212 0.43478391587387266,0.06763166148140212 0.4589488049467069,0.02934900773271118 0.4589488049467069,0.02934900773271118 0.43478391587387266))	0
27	5	POLYGON ((0.06763166148140212 0.43478391587387266,0.10591431523009305 0.43478391587387266,0.10591431523009305 0.4589488049467069,0.06763166148140212 0.4589488049467069,0.06763166148140212 0.43478391587387266))	0
28	5	POLYGON ((0.10591431523009305 0.43478391587387266,0.14419696897878403 0.43478391587387266,0.14419696897878403 0.4589488049467069,0.10591431523009305 0.4589488049467069,0.10591431523009305 0.43478391587387266))	0
29	5	POLYGON ((0.14419696897878403 0.43478391587387266,0.18247962272747495 0.43478391587387266,0.18247962272747495 0.4589488049467069,0.14419696897878403 0.4589488049467069,0.14419696897878403 0.43478391587387266))	0
30	5	POLYGON ((0.18247962272747495 0.43478391587387266,0.22076227647616592 0.43478391587387266,0.22076227647616592 0.4589488049467069,0.18247962272747495 0.4589488049467069,0.18247962272747495 0.43478391587387266))	0
31	5	POLYGON ((0.22076227647616592 0.43478391587387266,0.25904493022485686 0.43478391587387266,0.25904493022485686 0.4589488049467069,0.22076227647616592 0.4589488049467069,0.22076227647616592 0.43478391587387266))	0
0	6	POLYGON ((-0.9659999897332535 0.4589488049467069,-0.9277173359845626 0.4589488049467069,-0.9277173359845626 0.4831136940195412,-0.9659999897332535 0.4831136940195412,-0.9659999897332535 0.4589488049467069))	13
1	6	POLYGON ((-0.9277173359845626 0.4589488049467069,-0.8894346822358716 0.4589488049467069,-0.8894346822358716 0.4831136940195412,-0.9277173359845626 0.4831136940195412,-0.9277173359845626 0.4589488049467069))	571
2	6	POLYGON ((-0.8894346822358716 0.4589488049467069,-0.8511520284871807 0.4589488049467069,-0.8511520284871807 0.4831136940195412,-0.8894346822358716 0.4831136940195412,-0.8894346822358716 0.4589488049467069))	4259
3	6	POLYGON ((-0.8511520284871807 0.4589488049467069,-0.8128693747384897 0.4589488049467069,-0.8128693747384897 0.4831136940195412,-0.8511520284871807 0.4831136940195412,-0.8511520284871807 0.4589488049467069))	19001
4	6	POLYGON ((-0.8128693747384897 0.4589488049467069,-0.7745867209897987 0.4589488049467069,-0.7745867209897987 0.4831136940195412,-0.8128693747384897 0.4831136940195412,-0.8128693747384897 0.4589488049467069))	47772
5	6	POLYGON ((-0.7745867209897987 0.4589488049467069,-0.7363040672411078 0.4589488049467069,-0.7363040672411078 0.4831136940195412,-0.7745867209897987 0.4831136940195412,-0.7745867209897987 0.4589488049467069))	517215
6	6	POLYGON ((-0.7363040672411078 0.4589488049467069,-0.6980214134924169 0.4589488049467069,-0.6980214134924169 0.4831136940195412,-0.7363040672411078 0.4831136940195412,-0.7363040672411078 0.4589488049467069))	121575
7	6	POLYGON ((-0.6980214134924169 0.4589488049467069,-0.6597387597437259 0.4589488049467069,-0.6597387597437259 0.4831136940195412,-0.6980214134924169 0.4831136940195412,-0.6980214134924169 0.4589488049467069))	23804
8	6	POLYGON ((-0.6597387597437259 0.4589488049467069,-0.621456105995035 0.4589488049467069,-0.621456105995035 0.4831136940195412,-0.6597387597437259 0.4831136940195412,-0.6597387597437259 0.4589488049467069))	6031
9	6	POLYGON ((-0.621456105995035 0.4589488049467069,-0.583173452246344 0.4589488049467069,-0.583173452246344 0.4831136940195412,-0.621456105995035 0.4831136940195412,-0.621456105995035 0.4589488049467069))	868
10	6	POLYGON ((-0.583173452246344 0.4589488049467069,-0.5448907984976531 0.4589488049467069,-0.5448907984976531 0.4831136940195412,-0.583173452246344 0.4831136940195412,-0.583173452246344 0.4589488049467069))	53
11	6	POLYGON ((-0.5448907984976531 0.4589488049467069,-0.5066081447489621 0.4589488049467069,-0.5066081447489621 0.4831136940195412,-0.5448907984976531 0.4831136940195412,-0.5448907984976531 0.4589488049467069))	2
12	6	POLYGON ((-0.5066081447489621 0.4589488049467069,-0.4683254910002712 0.4589488049467069,-0.4683254910002712 0.4831136940195412,-0.5066081447489621 0.4831136940195412,-0.5066081447489621 0.4589488049467069))	0
13	6	POLYGON ((-0.4683254910002712 0.4589488049467069,-0.4300428372515802 0.4589488049467069,-0.4300428372515802 0.4831136940195412,-0.4683254910002712 0.4831136940195412,-0.4683254910002712 0.4589488049467069))	0
14	6	POLYGON ((-0.4300428372515802 0.4589488049467069,-0.39176018350288927 0.4589488049467069,-0.39176018350288927 0.4831136940195412,-0.4300428372515802 0.4831136940195412,-0.4300428372515802 0.4589488049467069))	0
15	6	POLYGON ((-0.39176018350288927 0.4589488049467069,-0.3534775297541983 0.4589488049467069,-0.3534775297541983 0.4831136940195412,-0.39176018350288927 0.4831136940195412,-0.39176018350288927 0.4589488049467069))	0
16	6	POLYGON ((-0.3534775297541983 0.4589488049467069,-0.3151948760055074 0.4589488049467069,-0.3151948760055074 0.4831136940195412,-0.3534775297541983 0.4831136940195412,-0.3534775297541983 0.4589488049467069))	0
17	6	POLYGON ((-0.3151948760055074 0.4589488049467069,-0.27691222225681644 0.4589488049467069,-0.27691222225681644 0.4831136940195412,-0.3151948760055074 0.4831136940195412,-0.3151948760055074 0.4589488049467069))	0
18	6	POLYGON ((-0.27691222225681644 0.4589488049467069,-0.23862956850812547 0.4589488049467069,-0.23862956850812547 0.4831136940195412,-0.27691222225681644 0.4831136940195412,-0.27691222225681644 0.4589488049467069))	0
19	6	POLYGON ((-0.23862956850812547 0.4589488049467069,-0.2003469147594345 0.4589488049467069,-0.2003469147594345 0.4831136940195412,-0.23862956850812547 0.4831136940195412,-0.23862956850812547 0.4589488049467069))	0
20	6	POLYGON ((-0.2003469147594345 0.4589488049467069,-0.16206426101074356 0.4589488049467069,-0.16206426101074356 0.4831136940195412,-0.2003469147594345 0.4831136940195412,-0.2003469147594345 0.4589488049467069))	0
21	6	POLYGON ((-0.16206426101074356 0.4589488049467069,-0.12378160726205262 0.4589488049467069,-0.12378160726205262 0.4831136940195412,-0.16206426101074356 0.4831136940195412,-0.16206426101074356 0.4589488049467069))	0
22	6	POLYGON ((-0.12378160726205262 0.4589488049467069,-0.08549895351336165 0.4589488049467069,-0.08549895351336165 0.4831136940195412,-0.12378160726205262 0.4831136940195412,-0.12378160726205262 0.4589488049467069))	0
23	6	POLYGON ((-0.08549895351336165 0.4589488049467069,-0.04721629976467073 0.4589488049467069,-0.04721629976467073 0.4831136940195412,-0.08549895351336165 0.4831136940195412,-0.08549895351336165 0.4589488049467069))	0
24	6	POLYGON ((-0.04721629976467073 0.4589488049467069,-0.00893364601597979 0.4589488049467069,-0.00893364601597979 0.4831136940195412,-0.04721629976467073 0.4831136940195412,-0.04721629976467073 0.4589488049467069))	0
25	6	POLYGON ((-0.00893364601597979 0.4589488049467069,0.02934900773271118 0.4589488049467069,0.02934900773271118 0.4831136940195412,-0.00893364601597979 0.4831136940195412,-0.00893364601597979 0.4589488049467069))	0
26	6	POLYGON ((0.02934900773271118 0.4589488049467069,0.06763166148140212 0.4589488049467069,0.06763166148140212 0.4831136940195412,0.02934900773271118 0.4831136940195412,0.02934900773271118 0.4589488049467069))	0
27	6	POLYGON ((0.06763166148140212 0.4589488049467069,0.10591431523009305 0.4589488049467069,0.10591431523009305 0.4831136940195412,0.06763166148140212 0.4831136940195412,0.06763166148140212 0.4589488049467069))	0
28	6	POLYGON ((0.10591431523009305 0.4589488049467069,0.14419696897878403 0.4589488049467069,0.14419696897878403 0.4831136940195412,0.10591431523009305 0.4831136940195412,0.10591431523009305 0.4589488049467069))	0
29	6	POLYGON ((0.14419696897878403 0.4589488049467069,0.18247962272747495 0.4589488049467069,0.18247962272747495 0.4831136940195412,0.14419696897878403 0.4831136940195412,0.14419696897878403 0.4589488049467069))	0
30	6	POLYGON ((0.18247962272747495 0.4589488049467069,0.22076227647616592 0.4589488049467069,0.22076227647616592 0.4831136940195412,0.18247962272747495 0.4831136940195412,0.18247962272747495 0.4589488049467069))	0
31	6	POLYGON ((0.22076227647616592 0.4589488049467069,0.25904493022485686 0.4589488049467069,0.25904493022485686 0.4831136940195412,0.22076227647616592 0.4831136940195412,0.22076227647616592 0.4589488049467069))	0
0	7	POLYGON ((-0.9659999897332535 0.4831136940195412,-0.9277173359845626 0.4831136940195412,-0.9277173359845626 0.5072785830923754,-0.9659999897332535 0.5072785830923754,-0.9659999897332535 0.4831136940195412))	0
1	7	POLYGON ((-0.9277173359845626 0.4831136940195412,-0.8894346822358716 0.4831136940195412,-0.8894346822358716 0.5072785830923754,-0.9277173359845626 0.5072785830923754,-0.9277173359845626 0.4831136940195412))	28
2	7	POLYGON ((-0.8894346822358716 0.4831136940195412,-0.8511520284871807 0.4831136940195412,-0.8511520284871807 0.5072785830923754,-0.8894346822358716 0.5072785830923754,-0.8894346822358716 0.4831136940195412))	472
3	7	POLYGON ((-0.8511520284871807 0.4831136940195412,-0.8128693747384897 0.4831136940195412,-0.8128693747384897 0.5072785830923754,-0.8511520284871807 0.5072785830923754,-0.8511520284871807 0.4831136940195412))	3616
4	7	POLYGON ((-0.8128693747384897 0.4831136940195412,-0.7745867209897987 0.4831136940195412,-0.7745867209897987 0.5072785830923754,-0.8128693747384897 0.5072785830923754,-0.8128693747384897 0.4831136940195412))	17306
5	7	POLYGON ((-0.7745867209897987 0.4831136940195412,-0.7363040672411078 0.4831136940195412,-0.7363040672411078 0.5072785830923754,-0.7745867209897987 0.5072785830923754,-0.7745867209897987 0.4831136940195412))	44880
6	7	POLYGON ((-0.7363040672411078 0.4831136940195412,-0.6980214134924169 0.4831136940195412,-0.6980214134924169 0.5072785830923754,-0.7363040672411078 0.5072785830923754,-0.7363040672411078 0.4831136940195412))	471087
7	7	POLYGON ((-0.6980214134924169 0.4831136940195412,-0.6597387597437259 0.4831136940195412,-0.6597387597437259 0.5072785830923754,-0.6980214134924169 0.5072785830923754,-0.6980214134924169 0.4831136940195412))	168630
8	7	POLYGON ((-0.6597387597437259 0.4831136940195412,-0.621456105995035 0.4831136940195412,-0.621456105995035 0.5072785830923754,-0.6597387597437259 0.5072785830923754,-0.6597387597437259 0.4831136940195412))	26203
9	7	POLYGON ((-0.621456105995035 0.4831136940195412,-0.583173452246344 0.4831136940195412,-0.583173452246344 0.5072785830923754,-0.621456105995035 0.5072785830923754,-0.621456105995035 0.4831136940195412))	7161
10	7	POLYGON ((-0.583173452246344 0.4831136940195412,-0.5448907984976531 0.4831136940195412,-0.5448907984976531 0.5072785830923754,-0.583173452246344 0.5072785830923754,-0.583173452246344 0.4831136940195412))	1091
11	7	POLYGON ((-0.5448907984976531 0.4831136940195412,-0.5066081447489621 0.4831136940195412,-0.5066081447489621 0.5072785830923754,-0.5448907984976531 0.5072785830923754,-0.5448907984976531 0.4831136940195412))	74
12	7	POLYGON ((-0.5066081447489621 0.4831136940195412,-0.4683254910002712 0.4831136940195412,-0.4683254910002712 0.5072785830923754,-0.5066081447489621 0.5072785830923754,-0.5066081447489621 0.4831136940195412))	8
13	7	POLYGON ((-0.4683254910002712 0.4831136940195412,-0.4300428372515802 0.4831136940195412,-0.4300428372515802 0.5072785830923754,-0.4683254910002712 0.5072785830923754,-0.4683254910002712 0.4831136940195412))	0
14	7	POLYGON ((-0.4300428372515802 0.4831136940195412,-0.39176018350288927 0.4831136940195412,-0.39176018350288927 0.5072785830923754,-0.4300428372515802 0.5072785830923754,-0.4300428372515802 0.4831136940195412))	0
15	7	POLYGON ((-0.39176018350288927 0.4831136940195412,-0.3534775297541983 0.4831136940195412,-0.3534775297541983 0.5072785830923754,-0.39176018350288927 0.5072785830923754,-0.39176018350288927 0.4831136940195412))	0
16	7	POLYGON ((-0.3534775297541983 0.4831136940195412,-0.3151948760055074 0.4831136940195412,-0.3151948760055074 0.5072785830923754,-0.3534775297541983 0.5072785830923754,-0.3534775297541983 0.4831136940195412))	0
17	7	POLYGON ((-0.3151948760055074 0.4831136940195412,-0.27691222225681644 0.4831136940195412,-0.27691222225681644 0.5072785830923754,-0.3151948760055074 0.5072785830923754,-0.3151948760055074 0.4831136940195412))	0
18	7	POLYGON ((-0.27691222225681644 0.4831136940195412,-0.23862956850812547 0.4831136940195412,-0.23862956850812547 0.5072785830923754,-0.27691222225681644 0.5072785830923754,-0.27691222225681644 0.4831136940195412))	0
19	7	POLYGON ((-0.23862956850812547 0.4831136940195412,-0.2003469147594345 0.4831136940195412,-0.2003469147594345 0.5072785830923754,-0.23862956850812547 0.5072785830923754,-0.23862956850812547 0.4831136940195412))	0
20	7	POLYGON ((-0.2003469147594345 0.4831136940195412,-0.16206426101074356 0.4831136940195412,-0.16206426101074356 0.5072785830923754,-0.2003469147594345 0.5072785830923754,-0.2003469147594345 0.4831136940195412))	0
21	7	POLYGON ((-0.16206426101074356 0.4831136940195412,-0.12378160726205262 0.4831136940195412,-0.12378160726205262 0.5072785830923754,-0.16206426101074356 0.5072785830923754,-0.16206426101074356 0.4831136940195412))	0
22	7	POLYGON ((-0.12378160726205262 0.4831136940195412,-0.08549895351336165 0.4831136940195412,-0.08549895351336165 0.5072785830923754,-0.12378160726205262 0.5072785830923754,-0.12378160726205262 0.4831136940195412))	0
23	7	POLYGON ((-0.08549895351336165 0.4831136940195412,-0.04721629976467073 0.4831136940195412,-0.04721629976467073 0.5072785830923754,-0.08549895351336165 0.5072785830923754,-0.08549895351336165 0.4831136940195412))	0
24	7	POLYGON ((-0.04721629976467073 0.4831136940195412,-0.00893364601597979 0.4831136940195412,-0.00893364601597979 0.5072785830923754,-0.04721629976467073 0.5072785830923754,-0.04721629976467073 0.4831136940195412))	0
25	7	POLYGON ((-0.00893364601597979 0.4831136940195412,0.02934900773271118 0.4831136940195412,0.02934900773271118 0.5072785830923754,-0.00893364601597979 0.5072785830923754,-0.00893364601597979 0.4831136940195412))	0
26	7	POLYGON ((0.02934900773271118 0.4831136940195412,0.06763166148140212 0.4831136940195412,0.06763166148140212 0.5072785830923754,0.02934900773271118 0.5072785830923754,0.02934900773271118 0.4831136940195412))	0
27	7	POLYGON ((0.06763166148140212 0.4831136940195412,0.10591431523009305 0.4831136940195412,0.10591431523009305 0.5072785830923754,0.06763166148140212 0.5072785830923754,0.06763166148140212 0.4831136940195412))	0
28	7	POLYGON ((0.10591431523009305 0.4831136940195412,0.14419696897878403 0.4831136940195412,0.14419696897878403 0.5072785830923754,0.10591431523009305 0.5072785830923754,0.10591431523009305 0.4831136940195412))	0
29	7	POLYGON ((0.14419696897878403 0.4831136940195412,0.18247962272747495 0.4831136940195412,0.18247962272747495 0.5072785830923754,0.14419696897878403 0.5072785830923754,0.14419696897878403 0.4831136940195412))	0
30	7	POLYGON ((0.18247962272747495 0.4831136940195412,0.22076227647616592 0.4831136940195412,0.22076227647616592 0.5072785830923754,0.18247962272747495 0.5072785830923754,0.18247962272747495 0.4831136940195412))	0
31	7	POLYGON ((0.22076227647616592 0.4831136940195412,0.25904493022485686 0.4831136940195412,0.25904493022485686 0.5072785830923754,0.22076227647616592 0.5072785830923754,0.22076227647616592 0.4831136940195412))	0
0	8	POLYGON ((-0.9659999897332535 0.5072785830923754,-0.9277173359845626 0.5072785830923754,-0.9277173359845626 0.5314434721652097,-0.9659999897332535 0.5314434721652097,-0.9659999897332535 0.5072785830923754))	0
1	8	POLYGON ((-0.9277173359845626 0.5072785830923754,-0.8894346822358716 0.5072785830923754,-0.8894346822358716 0.5314434721652097,-0.9277173359845626 0.5314434721652097,-0.9277173359845626 0.5072785830923754))	0
2	8	POLYGON ((-0.8894346822358716 0.5072785830923754,-0.8511520284871807 0.5072785830923754,-0.8511520284871807 0.5314434721652097,-0.8894346822358716 0.5314434721652097,-0.8894346822358716 0.5072785830923754))	20
3	8	POLYGON ((-0.8511520284871807 0.5072785830923754,-0.8128693747384897 0.5072785830923754,-0.8128693747384897 0.5314434721652097,-0.8511520284871807 0.5314434721652097,-0.8511520284871807 0.5072785830923754))	356
4	8	POLYGON ((-0.8128693747384897 0.5072785830923754,-0.7745867209897987 0.5072785830923754,-0.7745867209897987 0.5314434721652097,-0.8128693747384897 0.5314434721652097,-0.8128693747384897 0.5072785830923754))	3035
5	8	POLYGON ((-0.7745867209897987 0.5072785830923754,-0.7363040672411078 0.5072785830923754,-0.7363040672411078 0.5314434721652097,-0.7745867209897987 0.5314434721652097,-0.7745867209897987 0.5072785830923754))	15129
6	8	POLYGON ((-0.7363040672411078 0.5072785830923754,-0.6980214134924169 0.5072785830923754,-0.6980214134924169 0.5314434721652097,-0.7363040672411078 0.5314434721652097,-0.7363040672411078 0.5072785830923754))	41764
7	8	POLYGON ((-0.6980214134924169 0.5072785830923754,-0.6597387597437259 0.5072785830923754,-0.6597387597437259 0.5314434721652097,-0.6980214134924169 0.5314434721652097,-0.6980214134924169 0.5072785830923754))	426363
8	8	POLYGON ((-0.6597387597437259 0.5072785830923754,-0.621456105995035 0.5072785830923754,-0.621456105995035 0.5314434721652097,-0.6597387597437259 0.5314434721652097,-0.6597387597437259 0.5072785830923754))	214713
9	8	POLYGON ((-0.621456105995035 0.5072785830923754,-0.583173452246344 0.5072785830923754,-0.583173452246344 0.5314434721652097,-0.621456105995035 0.5314434721652097,-0.621456105995035 0.5072785830923754))	28916
10	8	POLYGON ((-0.583173452246344 0.5072785830923754,-0.5448907984976531 0.5072785830923754,-0.5448907984976531 0.5314434721652097,-0.583173452246344 0.5314434721652097,-0.583173452246344 0.5072785830923754))	8230
11	8	POLYGON ((-0.5448907984976531 0.5072785830923754,-0.5066081447489621 0.5072785830923754,-0.5066081447489621 0.5314434721652097,-0.5448907984976531 0.5314434721652097,-0.5448907984976531 0.5072785830923754))	1264
12	8	POLYGON ((-0.5066081447489621 0.5072785830923754,-0.4683254910002712 0.5072785830923754,-0.4683254910002712 0.5314434721652097,-0.5066081447489621 0.5314434721652097,-0.5066081447489621 0.5072785830923754))	123
13	8	POLYGON ((-0.4683254910002712 0.5072785830923754,-0.4300428372515802 0.5072785830923754,-0.4300428372515802 0.5314434721652097,-0.4683254910002712 0.5314434721652097,-0.4683254910002712 0.5072785830923754))	10
14	8	POLYGON ((-0.4300428372515802 0.5072785830923754,-0.39176018350288927 0.5072785830923754,-0.39176018350288927 0.5314434721652097,-0.4300428372515802 0.5314434721652097,-0.4300428372515802 0.5072785830923754))	0
15	8	POLYGON ((-0.39176018350288927 0.5072785830923754,-0.3534775297541983 0.5072785830923754,-0.3534775297541983 0.5314434721652097,-0.39176018350288927 0.5314434721652097,-0.39176018350288927 0.5072785830923754))	0
16	8	POLYGON ((-0.3534775297541983 0.5072785830923754,-0.3151948760055074 0.5072785830923754,-0.3151948760055074 0.5314434721652097,-0.3534775297541983 0.5314434721652097,-0.3534775297541983 0.5072785830923754))	0
17	8	POLYGON ((-0.3151948760055074 0.5072785830923754,-0.27691222225681644 0.5072785830923754,-0.27691222225681644 0.5314434721652097,-0.3151948760055074 0.5314434721652097,-0.3151948760055074 0.5072785830923754))	0
18	8	POLYGON ((-0.27691222225681644 0.5072785830923754,-0.23862956850812547 0.5072785830923754,-0.23862956850812547 0.5314434721652097,-0.27691222225681644 0.5314434721652097,-0.27691222225681644 0.5072785830923754))	0
19	8	POLYGON ((-0.23862956850812547 0.5072785830923754,-0.2003469147594345 0.5072785830923754,-0.2003469147594345 0.5314434721652097,-0.23862956850812547 0.5314434721652097,-0.23862956850812547 0.5072785830923754))	0
20	8	POLYGON ((-0.2003469147594345 0.5072785830923754,-0.16206426101074356 0.5072785830923754,-0.16206426101074356 0.5314434721652097,-0.2003469147594345 0.5314434721652097,-0.2003469147594345 0.5072785830923754))	0
21	8	POLYGON ((-0.16206426101074356 0.5072785830923754,-0.12378160726205262 0.5072785830923754,-0.12378160726205262 0.5314434721652097,-0.16206426101074356 0.5314434721652097,-0.16206426101074356 0.5072785830923754))	0
22	8	POLYGON ((-0.12378160726205262 0.5072785830923754,-0.08549895351336165 0.5072785830923754,-0.08549895351336165 0.5314434721652097,-0.12378160726205262 0.5314434721652097,-0.12378160726205262 0.5072785830923754))	0
23	8	POLYGON ((-0.08549895351336165 0.5072785830923754,-0.04721629976467073 0.5072785830923754,-0.04721629976467073 0.5314434721652097,-0.08549895351336165 0.5314434721652097,-0.08549895351336165 0.5072785830923754))	0
24	8	POLYGON ((-0.04721629976467073 0.5072785830923754,-0.00893364601597979 0.5072785830923754,-0.00893364601597979 0.5314434721652097,-0.04721629976467073 0.5314434721652097,-0.04721629976467073 0.5072785830923754))	0
25	8	POLYGON ((-0.00893364601597979 0.5072785830923754,0.02934900773271118 0.5072785830923754,0.02934900773271118 0.5314434721652097,-0.00893364601597979 0.5314434721652097,-0.00893364601597979 0.5072785830923754))	0
26	8	POLYGON ((0.02934900773271118 0.5072785830923754,0.06763166148140212 0.5072785830923754,0.06763166148140212 0.5314434721652097,0.02934900773271118 0.5314434721652097,0.02934900773271118 0.5072785830923754))	0
27	8	POLYGON ((0.06763166148140212 0.5072785830923754,0.10591431523009305 0.5072785830923754,0.10591431523009305 0.5314434721652097,0.06763166148140212 0.5314434721652097,0.06763166148140212 0.5072785830923754))	0
28	8	POLYGON ((0.10591431523009305 0.5072785830923754,0.14419696897878403 0.5072785830923754,0.14419696897878403 0.5314434721652097,0.10591431523009305 0.5314434721652097,0.10591431523009305 0.5072785830923754))	0
29	8	POLYGON ((0.14419696897878403 0.5072785830923754,0.18247962272747495 0.5072785830923754,0.18247962272747495 0.5314434721652097,0.14419696897878403 0.5314434721652097,0.14419696897878403 0.5072785830923754))	0
30	8	POLYGON ((0.18247962272747495 0.5072785830923754,0.22076227647616592 0.5072785830923754,0.22076227647616592 0.5314434721652097,0.18247962272747495 0.5314434721652097,0.18247962272747495 0.5072785830923754))	0
31	8	POLYGON ((0.22076227647616592 0.5072785830923754,0.25904493022485686 0.5072785830923754,0.25904493022485686 0.5314434721652097,0.22076227647616592 0.5314434721652097,0.22076227647616592 0.5072785830923754))	0
0	9	POLYGON ((-0.9659999897332535 0.5314434721652097,-0.9277173359845626 0.5314434721652097,-0.9277173359845626 0.5556083612380439,-0.9659999897332535 0.5556083612380439,-0.9659999897332535 0.5314434721652097))	0
1	9	POLYGON ((-0.9277173359845626 0.5314434721652097,-0.8894346822358716 0.5314434721652097,-0.8894346822358716 0.5556083612380439,-0.9277173359845626 0.5556083612380439,-0.9277173359845626 0.5314434721652097))	0
2	9	POLYGON ((-0.8894346822358716 0.5314434721652097,-0.8511520284871807 0.5314434721652097,-0.8511520284871807 0.5556083612380439,-0.8894346822358716 0.5556083612380439,-0.8894346822358716 0.5314434721652097))	2
3	9	POLYGON ((-0.8511520284871807 0.5314434721652097,-0.8128693747384897 0.5314434721652097,-0.8128693747384897 0.5556083612380439,-0.8511520284871807 0.5556083612380439,-0.8511520284871807 0.5314434721652097))	18
4	9	POLYGON ((-0.8128693747384897 0.5314434721652097,-0.7745867209897987 0.5314434721652097,-0.7745867209897987 0.5556083612380439,-0.8128693747384897 0.5556083612380439,-0.8128693747384897 0.5314434721652097))	279
5	9	POLYGON ((-0.7745867209897987 0.5314434721652097,-0.7363040672411078 0.5314434721652097,-0.7363040672411078 0.5556083612380439,-0.7745867209897987 0.5556083612380439,-0.7745867209897987 0.5314434721652097))	2585
6	9	POLYGON ((-0.7363040672411078 0.5314434721652097,-0.6980214134924169 0.5314434721652097,-0.6980214134924169 0.5556083612380439,-0.7363040672411078 0.5556083612380439,-0.7363040672411078 0.5314434721652097))	13270
7	9	POLYGON ((-0.6980214134924169 0.5314434721652097,-0.6597387597437259 0.5314434721652097,-0.6597387597437259 0.5556083612380439,-0.6980214134924169 0.5556083612380439,-0.6980214134924169 0.5314434721652097))	39250
8	9	POLYGON ((-0.6597387597437259 0.5314434721652097,-0.621456105995035 0.5314434721652097,-0.621456105995035 0.5556083612380439,-0.6597387597437259 0.5556083612380439,-0.6597387597437259 0.5314434721652097))	381652
9	9	POLYGON ((-0.621456105995035 0.5314434721652097,-0.583173452246344 0.5314434721652097,-0.583173452246344 0.5556083612380439,-0.621456105995035 0.5556083612380439,-0.621456105995035 0.5314434721652097))	261844
10	9	POLYGON ((-0.583173452246344 0.5314434721652097,-0.5448907984976531 0.5314434721652097,-0.5448907984976531 0.5556083612380439,-0.583173452246344 0.5556083612380439,-0.583173452246344 0.5314434721652097))	31685
11	9	POLYGON ((-0.5448907984976531 0.5314434721652097,-0.5066081447489621 0.5314434721652097,-0.5066081447489621 0.5556083612380439,-0.5448907984976531 0.5556083612380439,-0.5448907984976531 0.5314434721652097))	9371
12	9	POLYGON ((-0.5066081447489621 0.5314434721652097,-0.4683254910002712 0.5314434721652097,-0.4683254910002712 0.5556083612380439,-0.5066081447489621 0.5556083612380439,-0.5066081447489621 0.5314434721652097))	1644
13	9	POLYGON ((-0.4683254910002712 0.5314434721652097,-0.4300428372515802 0.5314434721652097,-0.4300428372515802 0.5556083612380439,-0.4683254910002712 0.5556083612380439,-0.4683254910002712 0.5314434721652097))	173
14	9	POLYGON ((-0.4300428372515802 0.5314434721652097,-0.39176018350288927 0.5314434721652097,-0.39176018350288927 0.5556083612380439,-0.4300428372515802 0.5556083612380439,-0.4300428372515802 0.5314434721652097))	8
15	9	POLYGON ((-0.39176018350288927 0.5314434721652097,-0.3534775297541983 0.5314434721652097,-0.3534775297541983 0.5556083612380439,-0.39176018350288927 0.5556083612380439,-0.39176018350288927 0.5314434721652097))	1
16	9	POLYGON ((-0.3534775297541983 0.5314434721652097,-0.3151948760055074 0.5314434721652097,-0.3151948760055074 0.5556083612380439,-0.3534775297541983 0.5556083612380439,-0.3534775297541983 0.5314434721652097))	0
17	9	POLYGON ((-0.3151948760055074 0.5314434721652097,-0.27691222225681644 0.5314434721652097,-0.27691222225681644 0.5556083612380439,-0.3151948760055074 0.5556083612380439,-0.3151948760055074 0.5314434721652097))	0
18	9	POLYGON ((-0.27691222225681644 0.5314434721652097,-0.23862956850812547 0.5314434721652097,-0.23862956850812547 0.5556083612380439,-0.27691222225681644 0.5556083612380439,-0.27691222225681644 0.5314434721652097))	0
19	9	POLYGON ((-0.23862956850812547 0.5314434721652097,-0.2003469147594345 0.5314434721652097,-0.2003469147594345 0.5556083612380439,-0.23862956850812547 0.5556083612380439,-0.23862956850812547 0.5314434721652097))	0
20	9	POLYGON ((-0.2003469147594345 0.5314434721652097,-0.16206426101074356 0.5314434721652097,-0.16206426101074356 0.5556083612380439,-0.2003469147594345 0.5556083612380439,-0.2003469147594345 0.5314434721652097))	0
21	9	POLYGON ((-0.16206426101074356 0.5314434721652097,-0.12378160726205262 0.5314434721652097,-0.12378160726205262 0.5556083612380439,-0.16206426101074356 0.5556083612380439,-0.16206426101074356 0.5314434721652097))	0
22	9	POLYGON ((-0.12378160726205262 0.5314434721652097,-0.08549895351336165 0.5314434721652097,-0.08549895351336165 0.5556083612380439,-0.12378160726205262 0.5556083612380439,-0.12378160726205262 0.5314434721652097))	0
23	9	POLYGON ((-0.08549895351336165 0.5314434721652097,-0.04721629976467073 0.5314434721652097,-0.04721629976467073 0.5556083612380439,-0.08549895351336165 0.5556083612380439,-0.08549895351336165 0.5314434721652097))	0
24	9	POLYGON ((-0.04721629976467073 0.5314434721652097,-0.00893364601597979 0.5314434721652097,-0.00893364601597979 0.5556083612380439,-0.04721629976467073 0.5556083612380439,-0.04721629976467073 0.5314434721652097))	0
25	9	POLYGON ((-0.00893364601597979 0.5314434721652097,0.02934900773271118 0.5314434721652097,0.02934900773271118 0.5556083612380439,-0.00893364601597979 0.5556083612380439,-0.00893364601597979 0.5314434721652097))	0
26	9	POLYGON ((0.02934900773271118 0.5314434721652097,0.06763166148140212 0.5314434721652097,0.06763166148140212 0.5556083612380439,0.02934900773271118 0.5556083612380439,0.02934900773271118 0.5314434721652097))	0
27	9	POLYGON ((0.06763166148140212 0.5314434721652097,0.10591431523009305 0.5314434721652097,0.10591431523009305 0.5556083612380439,0.06763166148140212 0.5556083612380439,0.06763166148140212 0.5314434721652097))	0
28	9	POLYGON ((0.10591431523009305 0.5314434721652097,0.14419696897878403 0.5314434721652097,0.14419696897878403 0.5556083612380439,0.10591431523009305 0.5556083612380439,0.10591431523009305 0.5314434721652097))	0
29	9	POLYGON ((0.14419696897878403 0.5314434721652097,0.18247962272747495 0.5314434721652097,0.18247962272747495 0.5556083612380439,0.14419696897878403 0.5556083612380439,0.14419696897878403 0.5314434721652097))	0
30	9	POLYGON ((0.18247962272747495 0.5314434721652097,0.22076227647616592 0.5314434721652097,0.22076227647616592 0.5556083612380439,0.18247962272747495 0.5556083612380439,0.18247962272747495 0.5314434721652097))	0
31	9	POLYGON ((0.22076227647616592 0.5314434721652097,0.25904493022485686 0.5314434721652097,0.25904493022485686 0.5556083612380439,0.22076227647616592 0.5556083612380439,0.22076227647616592 0.5314434721652097))	0
0	10	POLYGON ((-0.9659999897332535 0.5556083612380439,-0.9277173359845626 0.5556083612380439,-0.9277173359845626 0.5797732503108781,-0.9659999897332535 0.5797732503108781,-0.9659999897332535 0.5556083612380439))	0
1	10	POLYGON ((-0.9277173359845626 0.5556083612380439,-0.8894346822358716 0.5556083612380439,-0.8894346822358716 0.5797732503108781,-0.9277173359845626 0.5797732503108781,-0.9277173359845626 0.5556083612380439))	0
2	10	POLYGON ((-0.8894346822358716 0.5556083612380439,-0.8511520284871807 0.5556083612380439,-0.8511520284871807 0.5797732503108781,-0.8894346822358716 0.5797732503108781,-0.8894346822358716 0.5556083612380439))	0
3	10	POLYGON ((-0.8511520284871807 0.5556083612380439,-0.8128693747384897 0.5556083612380439,-0.8128693747384897 0.5797732503108781,-0.8511520284871807 0.5797732503108781,-0.8511520284871807 0.5556083612380439))	0
4	10	POLYGON ((-0.8128693747384897 0.5556083612380439,-0.7745867209897987 0.5556083612380439,-0.7745867209897987 0.5797732503108781,-0.8128693747384897 0.5797732503108781,-0.8128693747384897 0.5556083612380439))	17
5	10	POLYGON ((-0.7745867209897987 0.5556083612380439,-0.7363040672411078 0.5556083612380439,-0.7363040672411078 0.5797732503108781,-0.7745867209897987 0.5797732503108781,-0.7745867209897987 0.5556083612380439))	228
6	10	POLYGON ((-0.7363040672411078 0.5556083612380439,-0.6980214134924169 0.5556083612380439,-0.6980214134924169 0.5797732503108781,-0.7363040672411078 0.5797732503108781,-0.7363040672411078 0.5556083612380439))	2094
7	10	POLYGON ((-0.6980214134924169 0.5556083612380439,-0.6597387597437259 0.5556083612380439,-0.6597387597437259 0.5797732503108781,-0.6980214134924169 0.5797732503108781,-0.6980214134924169 0.5556083612380439))	11817
8	10	POLYGON ((-0.6597387597437259 0.5556083612380439,-0.621456105995035 0.5556083612380439,-0.621456105995035 0.5797732503108781,-0.6597387597437259 0.5797732503108781,-0.6597387597437259 0.5556083612380439))	36053
9	10	POLYGON ((-0.621456105995035 0.5556083612380439,-0.583173452246344 0.5556083612380439,-0.583173452246344 0.5797732503108781,-0.621456105995035 0.5797732503108781,-0.621456105995035 0.5556083612380439))	335353
10	10	POLYGON ((-0.583173452246344 0.5556083612380439,-0.5448907984976531 0.5556083612380439,-0.5448907984976531 0.5797732503108781,-0.583173452246344 0.5797732503108781,-0.583173452246344 0.5556083612380439))	307904
11	10	POLYGON ((-0.5448907984976531 0.5556083612380439,-0.5066081447489621 0.5556083612380439,-0.5066081447489621 0.5797732503108781,-0.5448907984976531 0.5797732503108781,-0.5448907984976531 0.5556083612380439))	34415
12	10	POLYGON ((-0.5066081447489621 0.5556083612380439,-0.4683254910002712 0.5556083612380439,-0.4683254910002712 0.5797732503108781,-0.5066081447489621 0.5797732503108781,-0.5066081447489621 0.5556083612380439))	10984
13	10	POLYGON ((-0.4683254910002712 0.5556083612380439,-0.4300428372515802 0.5556083612380439,-0.4300428372515802 0.5797732503108781,-0.4683254910002712 0.5797732503108781,-0.4683254910002712 0.5556083612380439))	1926
14	10	POLYGON ((-0.4300428372515802 0.5556083612380439,-0.39176018350288927 0.5556083612380439,-0.39176018350288927 0.5797732503108781,-0.4300428372515802 0.5797732503108781,-0.4300428372515802 0.5556083612380439))	172
15	10	POLYGON ((-0.39176018350288927 0.5556083612380439,-0.3534775297541983 0.5556083612380439,-0.3534775297541983 0.5797732503108781,-0.39176018350288927 0.5797732503108781,-0.39176018350288927 0.5556083612380439))	4
16	10	POLYGON ((-0.3534775297541983 0.5556083612380439,-0.3151948760055074 0.5556083612380439,-0.3151948760055074 0.5797732503108781,-0.3534775297541983 0.5797732503108781,-0.3534775297541983 0.5556083612380439))	0
17	10	POLYGON ((-0.3151948760055074 0.5556083612380439,-0.27691222225681644 0.5556083612380439,-0.27691222225681644 0.5797732503108781,-0.3151948760055074 0.5797732503108781,-0.3151948760055074 0.5556083612380439))	0
18	10	POLYGON ((-0.27691222225681644 0.5556083612380439,-0.23862956850812547 0.5556083612380439,-0.23862956850812547 0.5797732503108781,-0.27691222225681644 0.5797732503108781,-0.27691222225681644 0.5556083612380439))	0
19	10	POLYGON ((-0.23862956850812547 0.5556083612380439,-0.2003469147594345 0.5556083612380439,-0.2003469147594345 0.5797732503108781,-0.23862956850812547 0.5797732503108781,-0.23862956850812547 0.5556083612380439))	0
20	10	POLYGON ((-0.2003469147594345 0.5556083612380439,-0.16206426101074356 0.5556083612380439,-0.16206426101074356 0.5797732503108781,-0.2003469147594345 0.5797732503108781,-0.2003469147594345 0.5556083612380439))	0
21	10	POLYGON ((-0.16206426101074356 0.5556083612380439,-0.12378160726205262 0.5556083612380439,-0.12378160726205262 0.5797732503108781,-0.16206426101074356 0.5797732503108781,-0.16206426101074356 0.5556083612380439))	0
22	10	POLYGON ((-0.12378160726205262 0.5556083612380439,-0.08549895351336165 0.5556083612380439,-0.08549895351336165 0.5797732503108781,-0.12378160726205262 0.5797732503108781,-0.12378160726205262 0.5556083612380439))	0
23	10	POLYGON ((-0.08549895351336165 0.5556083612380439,-0.04721629976467073 0.5556083612380439,-0.04721629976467073 0.5797732503108781,-0.08549895351336165 0.5797732503108781,-0.08549895351336165 0.5556083612380439))	0
24	10	POLYGON ((-0.04721629976467073 0.5556083612380439,-0.00893364601597979 0.5556083612380439,-0.00893364601597979 0.5797732503108781,-0.04721629976467073 0.5797732503108781,-0.04721629976467073 0.5556083612380439))	0
25	10	POLYGON ((-0.00893364601597979 0.5556083612380439,0.02934900773271118 0.5556083612380439,0.02934900773271118 0.5797732503108781,-0.00893364601597979 0.5797732503108781,-0.00893364601597979 0.5556083612380439))	0
26	10	POLYGON ((0.02934900773271118 0.5556083612380439,0.06763166148140212 0.5556083612380439,0.06763166148140212 0.5797732503108781,0.02934900773271118 0.5797732503108781,0.02934900773271118 0.5556083612380439))	0
27	10	POLYGON ((0.06763166148140212 0.5556083612380439,0.10591431523009305 0.5556083612380439,0.10591431523009305 0.5797732503108781,0.06763166148140212 0.5797732503108781,0.06763166148140212 0.5556083612380439))	0
28	10	POLYGON ((0.10591431523009305 0.5556083612380439,0.14419696897878403 0.5556083612380439,0.14419696897878403 0.5797732503108781,0.10591431523009305 0.5797732503108781,0.10591431523009305 0.5556083612380439))	0
29	10	POLYGON ((0.14419696897878403 0.5556083612380439,0.18247962272747495 0.5556083612380439,0.18247962272747495 0.5797732503108781,0.14419696897878403 0.5797732503108781,0.14419696897878403 0.5556083612380439))	0
30	10	POLYGON ((0.18247962272747495 0.5556083612380439,0.22076227647616592 0.5556083612380439,0.22076227647616592 0.5797732503108781,0.18247962272747495 0.5797732503108781,0.18247962272747495 0.5556083612380439))	0
31	10	POLYGON ((0.22076227647616592 0.5556083612380439,0.25904493022485686 0.5556083612380439,0.25904493022485686 0.5797732503108781,0.22076227647616592 0.5797732503108781,0.22076227647616592 0.5556083612380439))	0
0	11	POLYGON ((-0.9659999897332535 0.5797732503108781,-0.9277173359845626 0.5797732503108781,-0.9277173359845626 0.6039381393837124,-0.9659999897332535 0.6039381393837124,-0.9659999897332535 0.5797732503108781))	0
1	11	POLYGON ((-0.9277173359845626 0.5797732503108781,-0.8894346822358716 0.5797732503108781,-0.8894346822358716 0.6039381393837124,-0.9277173359845626 0.6039381393837124,-0.9277173359845626 0.5797732503108781))	0
2	11	POLYGON ((-0.8894346822358716 0.5797732503108781,-0.8511520284871807 0.5797732503108781,-0.8511520284871807 0.6039381393837124,-0.8894346822358716 0.6039381393837124,-0.8894346822358716 0.5797732503108781))	0
3	11	POLYGON ((-0.8511520284871807 0.5797732503108781,-0.8128693747384897 0.5797732503108781,-0.8128693747384897 0.6039381393837124,-0.8511520284871807 0.6039381393837124,-0.8511520284871807 0.5797732503108781))	0
4	11	POLYGON ((-0.8128693747384897 0.5797732503108781,-0.7745867209897987 0.5797732503108781,-0.7745867209897987 0.6039381393837124,-0.8128693747384897 0.6039381393837124,-0.8128693747384897 0.5797732503108781))	0
5	11	POLYGON ((-0.7745867209897987 0.5797732503108781,-0.7363040672411078 0.5797732503108781,-0.7363040672411078 0.6039381393837124,-0.7745867209897987 0.6039381393837124,-0.7745867209897987 0.5797732503108781))	7
6	11	POLYGON ((-0.7363040672411078 0.5797732503108781,-0.6980214134924169 0.5797732503108781,-0.6980214134924169 0.6039381393837124,-0.7363040672411078 0.6039381393837124,-0.7363040672411078 0.5797732503108781))	162
7	11	POLYGON ((-0.6980214134924169 0.5797732503108781,-0.6597387597437259 0.5797732503108781,-0.6597387597437259 0.6039381393837124,-0.6980214134924169 0.6039381393837124,-0.6980214134924169 0.5797732503108781))	1761
8	11	POLYGON ((-0.6597387597437259 0.5797732503108781,-0.621456105995035 0.5797732503108781,-0.621456105995035 0.6039381393837124,-0.6597387597437259 0.6039381393837124,-0.6597387597437259 0.5797732503108781))	10410
9	11	POLYGON ((-0.621456105995035 0.5797732503108781,-0.583173452246344 0.5797732503108781,-0.583173452246344 0.6039381393837124,-0.621456105995035 0.6039381393837124,-0.621456105995035 0.5797732503108781))	33372
10	11	POLYGON ((-0.583173452246344 0.5797732503108781,-0.5448907984976531 0.5797732503108781,-0.5448907984976531 0.6039381393837124,-0.583173452246344 0.6039381393837124,-0.583173452246344 0.5797732503108781))	288886
11	11	POLYGON ((-0.5448907984976531 0.5797732503108781,-0.5066081447489621 0.5797732503108781,-0.5066081447489621 0.6039381393837124,-0.5448907984976531 0.6039381393837124,-0.5448907984976531 0.5797732503108781))	354325
12	11	POLYGON ((-0.5066081447489621 0.5797732503108781,-0.4683254910002712 0.5797732503108781,-0.4683254910002712 0.6039381393837124,-0.5066081447489621 0.6039381393837124,-0.5066081447489621 0.5797732503108781))	37491
13	11	POLYGON ((-0.4683254910002712 0.5797732503108781,-0.4300428372515802 0.5797732503108781,-0.4300428372515802 0.6039381393837124,-0.4683254910002712 0.6039381393837124,-0.4683254910002712 0.5797732503108781))	12414
14	11	POLYGON ((-0.4300428372515802 0.5797732503108781,-0.39176018350288927 0.5797732503108781,-0.39176018350288927 0.6039381393837124,-0.4300428372515802 0.6039381393837124,-0.4300428372515802 0.5797732503108781))	2278
15	11	POLYGON ((-0.39176018350288927 0.5797732503108781,-0.3534775297541983 0.5797732503108781,-0.3534775297541983 0.6039381393837124,-0.39176018350288927 0.6039381393837124,-0.39176018350288927 0.5797732503108781))	235
16	11	POLYGON ((-0.3534775297541983 0.5797732503108781,-0.3151948760055074 0.5797732503108781,-0.3151948760055074 0.6039381393837124,-0.3534775297541983 0.6039381393837124,-0.3534775297541983 0.5797732503108781))	18
17	11	POLYGON ((-0.3151948760055074 0.5797732503108781,-0.27691222225681644 0.5797732503108781,-0.27691222225681644 0.6039381393837124,-0.3151948760055074 0.6039381393837124,-0.3151948760055074 0.5797732503108781))	1
18	11	POLYGON ((-0.27691222225681644 0.5797732503108781,-0.23862956850812547 0.5797732503108781,-0.23862956850812547 0.6039381393837124,-0.27691222225681644 0.6039381393837124,-0.27691222225681644 0.5797732503108781))	0
19	11	POLYGON ((-0.23862956850812547 0.5797732503108781,-0.2003469147594345 0.5797732503108781,-0.2003469147594345 0.6039381393837124,-0.23862956850812547 0.6039381393837124,-0.23862956850812547 0.5797732503108781))	0
20	11	POLYGON ((-0.2003469147594345 0.5797732503108781,-0.16206426101074356 0.5797732503108781,-0.16206426101074356 0.6039381393837124,-0.2003469147594345 0.6039381393837124,-0.2003469147594345 0.5797732503108781))	0
21	11	POLYGON ((-0.16206426101074356 0.5797732503108781,-0.12378160726205262 0.5797732503108781,-0.12378160726205262 0.6039381393837124,-0.16206426101074356 0.6039381393837124,-0.16206426101074356 0.5797732503108781))	0
22	11	POLYGON ((-0.12378160726205262 0.5797732503108781,-0.08549895351336165 0.5797732503108781,-0.08549895351336165 0.6039381393837124,-0.12378160726205262 0.6039381393837124,-0.12378160726205262 0.5797732503108781))	0
23	11	POLYGON ((-0.08549895351336165 0.5797732503108781,-0.04721629976467073 0.5797732503108781,-0.04721629976467073 0.6039381393837124,-0.08549895351336165 0.6039381393837124,-0.08549895351336165 0.5797732503108781))	0
24	11	POLYGON ((-0.04721629976467073 0.5797732503108781,-0.00893364601597979 0.5797732503108781,-0.00893364601597979 0.6039381393837124,-0.04721629976467073 0.6039381393837124,-0.04721629976467073 0.5797732503108781))	0
25	11	POLYGON ((-0.00893364601597979 0.5797732503108781,0.02934900773271118 0.5797732503108781,0.02934900773271118 0.6039381393837124,-0.00893364601597979 0.6039381393837124,-0.00893364601597979 0.5797732503108781))	0
26	11	POLYGON ((0.02934900773271118 0.5797732503108781,0.06763166148140212 0.5797732503108781,0.06763166148140212 0.6039381393837124,0.02934900773271118 0.6039381393837124,0.02934900773271118 0.5797732503108781))	0
27	11	POLYGON ((0.06763166148140212 0.5797732503108781,0.10591431523009305 0.5797732503108781,0.10591431523009305 0.6039381393837124,0.06763166148140212 0.6039381393837124,0.06763166148140212 0.5797732503108781))	0
28	11	POLYGON ((0.10591431523009305 0.5797732503108781,0.14419696897878403 0.5797732503108781,0.14419696897878403 0.6039381393837124,0.10591431523009305 0.6039381393837124,0.10591431523009305 0.5797732503108781))	0
29	11	POLYGON ((0.14419696897878403 0.5797732503108781,0.18247962272747495 0.5797732503108781,0.18247962272747495 0.6039381393837124,0.14419696897878403 0.6039381393837124,0.14419696897878403 0.5797732503108781))	0
30	11	POLYGON ((0.18247962272747495 0.5797732503108781,0.22076227647616592 0.5797732503108781,0.22076227647616592 0.6039381393837124,0.18247962272747495 0.6039381393837124,0.18247962272747495 0.5797732503108781))	0
31	11	POLYGON ((0.22076227647616592 0.5797732503108781,0.25904493022485686 0.5797732503108781,0.25904493022485686 0.6039381393837124,0.22076227647616592 0.6039381393837124,0.22076227647616592 0.5797732503108781))	0
0	12	POLYGON ((-0.9659999897332535 0.6039381393837124,-0.9277173359845626 0.6039381393837124,-0.9277173359845626 0.6281030284565466,-0.9659999897332535 0.6281030284565466,-0.9659999897332535 0.6039381393837124))	0
1	12	POLYGON ((-0.9277173359845626 0.6039381393837124,-0.8894346822358716 0.6039381393837124,-0.8894346822358716 0.6281030284565466,-0.9277173359845626 0.6281030284565466,-0.9277173359845626 0.6039381393837124))	0
2	12	POLYGON ((-0.8894346822358716 0.6039381393837124,-0.8511520284871807 0.6039381393837124,-0.8511520284871807 0.6281030284565466,-0.8894346822358716 0.6281030284565466,-0.8894346822358716 0.6039381393837124))	0
3	12	POLYGON ((-0.8511520284871807 0.6039381393837124,-0.8128693747384897 0.6039381393837124,-0.8128693747384897 0.6281030284565466,-0.8511520284871807 0.6281030284565466,-0.8511520284871807 0.6039381393837124))	0
4	12	POLYGON ((-0.8128693747384897 0.6039381393837124,-0.7745867209897987 0.6039381393837124,-0.7745867209897987 0.6281030284565466,-0.8128693747384897 0.6281030284565466,-0.8128693747384897 0.6039381393837124))	0
5	12	POLYGON ((-0.7745867209897987 0.6039381393837124,-0.7363040672411078 0.6039381393837124,-0.7363040672411078 0.6281030284565466,-0.7745867209897987 0.6281030284565466,-0.7745867209897987 0.6039381393837124))	0
6	12	POLYGON ((-0.7363040672411078 0.6039381393837124,-0.6980214134924169 0.6039381393837124,-0.6980214134924169 0.6281030284565466,-0.7363040672411078 0.6281030284565466,-0.7363040672411078 0.6039381393837124))	11
7	12	POLYGON ((-0.6980214134924169 0.6039381393837124,-0.6597387597437259 0.6039381393837124,-0.6597387597437259 0.6281030284565466,-0.6980214134924169 0.6281030284565466,-0.6980214134924169 0.6039381393837124))	134
8	12	POLYGON ((-0.6597387597437259 0.6039381393837124,-0.621456105995035 0.6039381393837124,-0.621456105995035 0.6281030284565466,-0.6597387597437259 0.6281030284565466,-0.6597387597437259 0.6039381393837124))	1485
9	12	POLYGON ((-0.621456105995035 0.6039381393837124,-0.583173452246344 0.6039381393837124,-0.583173452246344 0.6281030284565466,-0.621456105995035 0.6281030284565466,-0.621456105995035 0.6039381393837124))	8966
10	12	POLYGON ((-0.583173452246344 0.6039381393837124,-0.5448907984976531 0.6039381393837124,-0.5448907984976531 0.6281030284565466,-0.583173452246344 0.6281030284565466,-0.583173452246344 0.6039381393837124))	30799
11	12	POLYGON ((-0.5448907984976531 0.6039381393837124,-0.5066081447489621 0.6039381393837124,-0.5066081447489621 0.6281030284565466,-0.5448907984976531 0.6281030284565466,-0.5448907984976531 0.6039381393837124))	242917
12	12	POLYGON ((-0.5066081447489621 0.6039381393837124,-0.4683254910002712 0.6039381393837124,-0.4683254910002712 0.6281030284565466,-0.5066081447489621 0.6281030284565466,-0.5066081447489621 0.6039381393837124))	399794
13	12	POLYGON ((-0.4683254910002712 0.6039381393837124,-0.4300428372515802 0.6039381393837124,-0.4300428372515802 0.6281030284565466,-0.4683254910002712 0.6281030284565466,-0.4683254910002712 0.6039381393837124))	40094
14	12	POLYGON ((-0.4300428372515802 0.6039381393837124,-0.39176018350288927 0.6039381393837124,-0.39176018350288927 0.6281030284565466,-0.4300428372515802 0.6281030284565466,-0.4300428372515802 0.6039381393837124))	14226
15	12	POLYGON ((-0.39176018350288927 0.6039381393837124,-0.3534775297541983 0.6039381393837124,-0.3534775297541983 0.6281030284565466,-0.39176018350288927 0.6281030284565466,-0.39176018350288927 0.6039381393837124))	2719
16	12	POLYGON ((-0.3534775297541983 0.6039381393837124,-0.3151948760055074 0.6039381393837124,-0.3151948760055074 0.6281030284565466,-0.3534775297541983 0.6281030284565466,-0.3534775297541983 0.6039381393837124))	318
17	12	POLYGON ((-0.3151948760055074 0.6039381393837124,-0.27691222225681644 0.6039381393837124,-0.27691222225681644 0.6281030284565466,-0.3151948760055074 0.6281030284565466,-0.3151948760055074 0.6039381393837124))	23
18	12	POLYGON ((-0.27691222225681644 0.6039381393837124,-0.23862956850812547 0.6039381393837124,-0.23862956850812547 0.6281030284565466,-0.27691222225681644 0.6281030284565466,-0.27691222225681644 0.6039381393837124))	2
19	12	POLYGON ((-0.23862956850812547 0.6039381393837124,-0.2003469147594345 0.6039381393837124,-0.2003469147594345 0.6281030284565466,-0.23862956850812547 0.6281030284565466,-0.23862956850812547 0.6039381393837124))	0
20	12	POLYGON ((-0.2003469147594345 0.6039381393837124,-0.16206426101074356 0.6039381393837124,-0.16206426101074356 0.6281030284565466,-0.2003469147594345 0.6281030284565466,-0.2003469147594345 0.6039381393837124))	0
21	12	POLYGON ((-0.16206426101074356 0.6039381393837124,-0.12378160726205262 0.6039381393837124,-0.12378160726205262 0.6281030284565466,-0.16206426101074356 0.6281030284565466,-0.16206426101074356 0.6039381393837124))	0
22	12	POLYGON ((-0.12378160726205262 0.6039381393837124,-0.08549895351336165 0.6039381393837124,-0.08549895351336165 0.6281030284565466,-0.12378160726205262 0.6281030284565466,-0.12378160726205262 0.6039381393837124))	0
23	12	POLYGON ((-0.08549895351336165 0.6039381393837124,-0.04721629976467073 0.6039381393837124,-0.04721629976467073 0.6281030284565466,-0.08549895351336165 0.6281030284565466,-0.08549895351336165 0.6039381393837124))	0
24	12	POLYGON ((-0.04721629976467073 0.6039381393837124,-0.00893364601597979 0.6039381393837124,-0.00893364601597979 0.6281030284565466,-0.04721629976467073 0.6281030284565466,-0.04721629976467073 0.6039381393837124))	0
25	12	POLYGON ((-0.00893364601597979 0.6039381393837124,0.02934900773271118 0.6039381393837124,0.02934900773271118 0.6281030284565466,-0.00893364601597979 0.6281030284565466,-0.00893364601597979 0.6039381393837124))	0
26	12	POLYGON ((0.02934900773271118 0.6039381393837124,0.06763166148140212 0.6039381393837124,0.06763166148140212 0.6281030284565466,0.02934900773271118 0.6281030284565466,0.02934900773271118 0.6039381393837124))	0
27	12	POLYGON ((0.06763166148140212 0.6039381393837124,0.10591431523009305 0.6039381393837124,0.10591431523009305 0.6281030284565466,0.06763166148140212 0.6281030284565466,0.06763166148140212 0.6039381393837124))	0
28	12	POLYGON ((0.10591431523009305 0.6039381393837124,0.14419696897878403 0.6039381393837124,0.14419696897878403 0.6281030284565466,0.10591431523009305 0.6281030284565466,0.10591431523009305 0.6039381393837124))	0
29	12	POLYGON ((0.14419696897878403 0.6039381393837124,0.18247962272747495 0.6039381393837124,0.18247962272747495 0.6281030284565466,0.14419696897878403 0.6281030284565466,0.14419696897878403 0.6039381393837124))	0
30	12	POLYGON ((0.18247962272747495 0.6039381393837124,0.22076227647616592 0.6039381393837124,0.22076227647616592 0.6281030284565466,0.18247962272747495 0.6281030284565466,0.18247962272747495 0.6039381393837124))	0
31	12	POLYGON ((0.22076227647616592 0.6039381393837124,0.25904493022485686 0.6039381393837124,0.25904493022485686 0.6281030284565466,0.22076227647616592 0.6281030284565466,0.22076227647616592 0.6039381393837124))	0
0	13	POLYGON ((-0.9659999897332535 0.6281030284565466,-0.9277173359845626 0.6281030284565466,-0.9277173359845626 0.652267917529381,-0.9659999897332535 0.652267917529381,-0.9659999897332535 0.6281030284565466))	0
1	13	POLYGON ((-0.9277173359845626 0.6281030284565466,-0.8894346822358716 0.6281030284565466,-0.8894346822358716 0.652267917529381,-0.9277173359845626 0.652267917529381,-0.9277173359845626 0.6281030284565466))	0
2	13	POLYGON ((-0.8894346822358716 0.6281030284565466,-0.8511520284871807 0.6281030284565466,-0.8511520284871807 0.652267917529381,-0.8894346822358716 0.652267917529381,-0.8894346822358716 0.6281030284565466))	0
3	13	POLYGON ((-0.8511520284871807 0.6281030284565466,-0.8128693747384897 0.6281030284565466,-0.8128693747384897 0.652267917529381,-0.8511520284871807 0.652267917529381,-0.8511520284871807 0.6281030284565466))	0
4	13	POLYGON ((-0.8128693747384897 0.6281030284565466,-0.7745867209897987 0.6281030284565466,-0.7745867209897987 0.652267917529381,-0.8128693747384897 0.652267917529381,-0.8128693747384897 0.6281030284565466))	0
5	13	POLYGON ((-0.7745867209897987 0.6281030284565466,-0.7363040672411078 0.6281030284565466,-0.7363040672411078 0.652267917529381,-0.7745867209897987 0.652267917529381,-0.7745867209897987 0.6281030284565466))	0
6	13	POLYGON ((-0.7363040672411078 0.6281030284565466,-0.6980214134924169 0.6281030284565466,-0.6980214134924169 0.652267917529381,-0.7363040672411078 0.652267917529381,-0.7363040672411078 0.6281030284565466))	0
7	13	POLYGON ((-0.6980214134924169 0.6281030284565466,-0.6597387597437259 0.6281030284565466,-0.6597387597437259 0.652267917529381,-0.6980214134924169 0.652267917529381,-0.6980214134924169 0.6281030284565466))	4
8	13	POLYGON ((-0.6597387597437259 0.6281030284565466,-0.621456105995035 0.6281030284565466,-0.621456105995035 0.652267917529381,-0.6597387597437259 0.652267917529381,-0.6597387597437259 0.6281030284565466))	99
9	13	POLYGON ((-0.621456105995035 0.6281030284565466,-0.583173452246344 0.6281030284565466,-0.583173452246344 0.652267917529381,-0.621456105995035 0.652267917529381,-0.621456105995035 0.6281030284565466))	1157
10	13	POLYGON ((-0.583173452246344 0.6281030284565466,-0.5448907984976531 0.6281030284565466,-0.5448907984976531 0.652267917529381,-0.583173452246344 0.652267917529381,-0.583173452246344 0.6281030284565466))	7624
11	13	POLYGON ((-0.5448907984976531 0.6281030284565466,-0.5066081447489621 0.6281030284565466,-0.5066081447489621 0.652267917529381,-0.5448907984976531 0.652267917529381,-0.5448907984976531 0.6281030284565466))	27600
12	13	POLYGON ((-0.5066081447489621 0.6281030284565466,-0.4683254910002712 0.6281030284565466,-0.4683254910002712 0.652267917529381,-0.5066081447489621 0.652267917529381,-0.5066081447489621 0.6281030284565466))	195791
13	13	POLYGON ((-0.4683254910002712 0.6281030284565466,-0.4300428372515802 0.6281030284565466,-0.4300428372515802 0.652267917529381,-0.4683254910002712 0.652267917529381,-0.4683254910002712 0.6281030284565466))	444928
14	13	POLYGON ((-0.4300428372515802 0.6281030284565466,-0.39176018350288927 0.6281030284565466,-0.39176018350288927 0.652267917529381,-0.4300428372515802 0.652267917529381,-0.4300428372515802 0.6281030284565466))	42844
15	13	POLYGON ((-0.39176018350288927 0.6281030284565466,-0.3534775297541983 0.6281030284565466,-0.3534775297541983 0.652267917529381,-0.39176018350288927 0.652267917529381,-0.39176018350288927 0.6281030284565466))	15823
16	13	POLYGON ((-0.3534775297541983 0.6281030284565466,-0.3151948760055074 0.6281030284565466,-0.3151948760055074 0.652267917529381,-0.3534775297541983 0.652267917529381,-0.3534775297541983 0.6281030284565466))	3317
17	13	POLYGON ((-0.3151948760055074 0.6281030284565466,-0.27691222225681644 0.6281030284565466,-0.27691222225681644 0.652267917529381,-0.3151948760055074 0.652267917529381,-0.3151948760055074 0.6281030284565466))	401
18	13	POLYGON ((-0.27691222225681644 0.6281030284565466,-0.23862956850812547 0.6281030284565466,-0.23862956850812547 0.652267917529381,-0.27691222225681644 0.652267917529381,-0.27691222225681644 0.6281030284565466))	17
19	13	POLYGON ((-0.23862956850812547 0.6281030284565466,-0.2003469147594345 0.6281030284565466,-0.2003469147594345 0.652267917529381,-0.23862956850812547 0.652267917529381,-0.23862956850812547 0.6281030284565466))	1
20	13	POLYGON ((-0.2003469147594345 0.6281030284565466,-0.16206426101074356 0.6281030284565466,-0.16206426101074356 0.652267917529381,-0.2003469147594345 0.652267917529381,-0.2003469147594345 0.6281030284565466))	0
21	13	POLYGON ((-0.16206426101074356 0.6281030284565466,-0.12378160726205262 0.6281030284565466,-0.12378160726205262 0.652267917529381,-0.16206426101074356 0.652267917529381,-0.16206426101074356 0.6281030284565466))	0
22	13	POLYGON ((-0.12378160726205262 0.6281030284565466,-0.08549895351336165 0.6281030284565466,-0.08549895351336165 0.652267917529381,-0.12378160726205262 0.652267917529381,-0.12378160726205262 0.6281030284565466))	0
23	13	POLYGON ((-0.08549895351336165 0.6281030284565466,-0.04721629976467073 0.6281030284565466,-0.04721629976467073 0.652267917529381,-0.08549895351336165 0.652267917529381,-0.08549895351336165 0.6281030284565466))	0
24	13	POLYGON ((-0.04721629976467073 0.6281030284565466,-0.00893364601597979 0.6281030284565466,-0.00893364601597979 0.652267917529381,-0.04721629976467073 0.652267917529381,-0.04721629976467073 0.6281030284565466))	0
25	13	POLYGON ((-0.00893364601597979 0.6281030284565466,0.02934900773271118 0.6281030284565466,0.02934900773271118 0.652267917529381,-0.00893364601597979 0.652267917529381,-0.00893364601597979 0.6281030284565466))	0
26	13	POLYGON ((0.02934900773271118 0.6281030284565466,0.06763166148140212 0.6281030284565466,0.06763166148140212 0.652267917529381,0.02934900773271118 0.652267917529381,0.02934900773271118 0.6281030284565466))	0
27	13	POLYGON ((0.06763166148140212 0.6281030284565466,0.10591431523009305 0.6281030284565466,0.10591431523009305 0.652267917529381,0.06763166148140212 0.652267917529381,0.06763166148140212 0.6281030284565466))	0
28	13	POLYGON ((0.10591431523009305 0.6281030284565466,0.14419696897878403 0.6281030284565466,0.14419696897878403 0.652267917529381,0.10591431523009305 0.652267917529381,0.10591431523009305 0.6281030284565466))	0
29	13	POLYGON ((0.14419696897878403 0.6281030284565466,0.18247962272747495 0.6281030284565466,0.18247962272747495 0.652267917529381,0.14419696897878403 0.652267917529381,0.14419696897878403 0.6281030284565466))	0
30	13	POLYGON ((0.18247962272747495 0.6281030284565466,0.22076227647616592 0.6281030284565466,0.22076227647616592 0.652267917529381,0.18247962272747495 0.652267917529381,0.18247962272747495 0.6281030284565466))	0
31	13	POLYGON ((0.22076227647616592 0.6281030284565466,0.25904493022485686 0.6281030284565466,0.25904493022485686 0.652267917529381,0.22076227647616592 0.652267917529381,0.22076227647616592 0.6281030284565466))	0
0	14	POLYGON ((-0.9659999897332535 0.652267917529381,-0.9277173359845626 0.652267917529381,-0.9277173359845626 0.6764328066022152,-0.9659999897332535 0.6764328066022152,-0.9659999897332535 0.652267917529381))	0
1	14	POLYGON ((-0.9277173359845626 0.652267917529381,-0.8894346822358716 0.652267917529381,-0.8894346822358716 0.6764328066022152,-0.9277173359845626 0.6764328066022152,-0.9277173359845626 0.652267917529381))	0
2	14	POLYGON ((-0.8894346822358716 0.652267917529381,-0.8511520284871807 0.652267917529381,-0.8511520284871807 0.6764328066022152,-0.8894346822358716 0.6764328066022152,-0.8894346822358716 0.652267917529381))	0
3	14	POLYGON ((-0.8511520284871807 0.652267917529381,-0.8128693747384897 0.652267917529381,-0.8128693747384897 0.6764328066022152,-0.8511520284871807 0.6764328066022152,-0.8511520284871807 0.652267917529381))	0
4	14	POLYGON ((-0.8128693747384897 0.652267917529381,-0.7745867209897987 0.652267917529381,-0.7745867209897987 0.6764328066022152,-0.8128693747384897 0.6764328066022152,-0.8128693747384897 0.652267917529381))	0
5	14	POLYGON ((-0.7745867209897987 0.652267917529381,-0.7363040672411078 0.652267917529381,-0.7363040672411078 0.6764328066022152,-0.7745867209897987 0.6764328066022152,-0.7745867209897987 0.652267917529381))	0
6	14	POLYGON ((-0.7363040672411078 0.652267917529381,-0.6980214134924169 0.652267917529381,-0.6980214134924169 0.6764328066022152,-0.7363040672411078 0.6764328066022152,-0.7363040672411078 0.652267917529381))	0
7	14	POLYGON ((-0.6980214134924169 0.652267917529381,-0.6597387597437259 0.652267917529381,-0.6597387597437259 0.6764328066022152,-0.6980214134924169 0.6764328066022152,-0.6980214134924169 0.652267917529381))	0
8	14	POLYGON ((-0.6597387597437259 0.652267917529381,-0.621456105995035 0.652267917529381,-0.621456105995035 0.6764328066022152,-0.6597387597437259 0.6764328066022152,-0.6597387597437259 0.652267917529381))	4
9	14	POLYGON ((-0.621456105995035 0.652267917529381,-0.583173452246344 0.652267917529381,-0.583173452246344 0.6764328066022152,-0.621456105995035 0.6764328066022152,-0.621456105995035 0.652267917529381))	76
10	14	POLYGON ((-0.583173452246344 0.652267917529381,-0.5448907984976531 0.652267917529381,-0.5448907984976531 0.6764328066022152,-0.583173452246344 0.6764328066022152,-0.583173452246344 0.652267917529381))	962
11	14	POLYGON ((-0.5448907984976531 0.652267917529381,-0.5066081447489621 0.652267917529381,-0.5066081447489621 0.6764328066022152,-0.5448907984976531 0.6764328066022152,-0.5448907984976531 0.652267917529381))	6674
12	14	POLYGON ((-0.5066081447489621 0.652267917529381,-0.4683254910002712 0.652267917529381,-0.4683254910002712 0.6764328066022152,-0.5066081447489621 0.6764328066022152,-0.5066081447489621 0.652267917529381))	25324
13	14	POLYGON ((-0.4683254910002712 0.652267917529381,-0.4300428372515802 0.652267917529381,-0.4300428372515802 0.6764328066022152,-0.4683254910002712 0.6764328066022152,-0.4683254910002712 0.652267917529381))	149773
14	14	POLYGON ((-0.4300428372515802 0.652267917529381,-0.39176018350288927 0.652267917529381,-0.39176018350288927 0.6764328066022152,-0.4300428372515802 0.6764328066022152,-0.4300428372515802 0.652267917529381))	490169
15	14	POLYGON ((-0.39176018350288927 0.652267917529381,-0.3534775297541983 0.652267917529381,-0.3534775297541983 0.6764328066022152,-0.39176018350288927 0.6764328066022152,-0.39176018350288927 0.652267917529381))	46114
16	14	POLYGON ((-0.3534775297541983 0.652267917529381,-0.3151948760055074 0.652267917529381,-0.3151948760055074 0.6764328066022152,-0.3534775297541983 0.6764328066022152,-0.3534775297541983 0.652267917529381))	18198
17	14	POLYGON ((-0.3151948760055074 0.652267917529381,-0.27691222225681644 0.652267917529381,-0.27691222225681644 0.6764328066022152,-0.3151948760055074 0.6764328066022152,-0.3151948760055074 0.652267917529381))	3967
18	14	POLYGON ((-0.27691222225681644 0.652267917529381,-0.23862956850812547 0.652267917529381,-0.23862956850812547 0.6764328066022152,-0.27691222225681644 0.6764328066022152,-0.27691222225681644 0.652267917529381))	477
19	14	POLYGON ((-0.23862956850812547 0.652267917529381,-0.2003469147594345 0.652267917529381,-0.2003469147594345 0.6764328066022152,-0.23862956850812547 0.6764328066022152,-0.23862956850812547 0.652267917529381))	27
20	14	POLYGON ((-0.2003469147594345 0.652267917529381,-0.16206426101074356 0.652267917529381,-0.16206426101074356 0.6764328066022152,-0.2003469147594345 0.6764328066022152,-0.2003469147594345 0.652267917529381))	1
21	14	POLYGON ((-0.16206426101074356 0.652267917529381,-0.12378160726205262 0.652267917529381,-0.12378160726205262 0.6764328066022152,-0.16206426101074356 0.6764328066022152,-0.16206426101074356 0.652267917529381))	0
22	14	POLYGON ((-0.12378160726205262 0.652267917529381,-0.08549895351336165 0.652267917529381,-0.08549895351336165 0.6764328066022152,-0.12378160726205262 0.6764328066022152,-0.12378160726205262 0.652267917529381))	0
23	14	POLYGON ((-0.08549895351336165 0.652267917529381,-0.04721629976467073 0.652267917529381,-0.04721629976467073 0.6764328066022152,-0.08549895351336165 0.6764328066022152,-0.08549895351336165 0.652267917529381))	0
24	14	POLYGON ((-0.04721629976467073 0.652267917529381,-0.00893364601597979 0.652267917529381,-0.00893364601597979 0.6764328066022152,-0.04721629976467073 0.6764328066022152,-0.04721629976467073 0.652267917529381))	0
25	14	POLYGON ((-0.00893364601597979 0.652267917529381,0.02934900773271118 0.652267917529381,0.02934900773271118 0.6764328066022152,-0.00893364601597979 0.6764328066022152,-0.00893364601597979 0.652267917529381))	0
26	14	POLYGON ((0.02934900773271118 0.652267917529381,0.06763166148140212 0.652267917529381,0.06763166148140212 0.6764328066022152,0.02934900773271118 0.6764328066022152,0.02934900773271118 0.652267917529381))	0
27	14	POLYGON ((0.06763166148140212 0.652267917529381,0.10591431523009305 0.652267917529381,0.10591431523009305 0.6764328066022152,0.06763166148140212 0.6764328066022152,0.06763166148140212 0.652267917529381))	0
28	14	POLYGON ((0.10591431523009305 0.652267917529381,0.14419696897878403 0.652267917529381,0.14419696897878403 0.6764328066022152,0.10591431523009305 0.6764328066022152,0.10591431523009305 0.652267917529381))	0
29	14	POLYGON ((0.14419696897878403 0.652267917529381,0.18247962272747495 0.652267917529381,0.18247962272747495 0.6764328066022152,0.14419696897878403 0.6764328066022152,0.14419696897878403 0.652267917529381))	0
30	14	POLYGON ((0.18247962272747495 0.652267917529381,0.22076227647616592 0.652267917529381,0.22076227647616592 0.6764328066022152,0.18247962272747495 0.6764328066022152,0.18247962272747495 0.652267917529381))	0
31	14	POLYGON ((0.22076227647616592 0.652267917529381,0.25904493022485686 0.652267917529381,0.25904493022485686 0.6764328066022152,0.22076227647616592 0.6764328066022152,0.22076227647616592 0.652267917529381))	0
0	15	POLYGON ((-0.9659999897332535 0.6764328066022152,-0.9277173359845626 0.6764328066022152,-0.9277173359845626 0.7005976956750495,-0.9659999897332535 0.7005976956750495,-0.9659999897332535 0.6764328066022152))	0
1	15	POLYGON ((-0.9277173359845626 0.6764328066022152,-0.8894346822358716 0.6764328066022152,-0.8894346822358716 0.7005976956750495,-0.9277173359845626 0.7005976956750495,-0.9277173359845626 0.6764328066022152))	0
2	15	POLYGON ((-0.8894346822358716 0.6764328066022152,-0.8511520284871807 0.6764328066022152,-0.8511520284871807 0.7005976956750495,-0.8894346822358716 0.7005976956750495,-0.8894346822358716 0.6764328066022152))	0
3	15	POLYGON ((-0.8511520284871807 0.6764328066022152,-0.8128693747384897 0.6764328066022152,-0.8128693747384897 0.7005976956750495,-0.8511520284871807 0.7005976956750495,-0.8511520284871807 0.6764328066022152))	0
4	15	POLYGON ((-0.8128693747384897 0.6764328066022152,-0.7745867209897987 0.6764328066022152,-0.7745867209897987 0.7005976956750495,-0.8128693747384897 0.7005976956750495,-0.8128693747384897 0.6764328066022152))	0
5	15	POLYGON ((-0.7745867209897987 0.6764328066022152,-0.7363040672411078 0.6764328066022152,-0.7363040672411078 0.7005976956750495,-0.7745867209897987 0.7005976956750495,-0.7745867209897987 0.6764328066022152))	0
6	15	POLYGON ((-0.7363040672411078 0.6764328066022152,-0.6980214134924169 0.6764328066022152,-0.6980214134924169 0.7005976956750495,-0.7363040672411078 0.7005976956750495,-0.7363040672411078 0.6764328066022152))	0
7	15	POLYGON ((-0.6980214134924169 0.6764328066022152,-0.6597387597437259 0.6764328066022152,-0.6597387597437259 0.7005976956750495,-0.6980214134924169 0.7005976956750495,-0.6980214134924169 0.6764328066022152))	0
8	15	POLYGON ((-0.6597387597437259 0.6764328066022152,-0.621456105995035 0.6764328066022152,-0.621456105995035 0.7005976956750495,-0.6597387597437259 0.7005976956750495,-0.6597387597437259 0.6764328066022152))	0
9	15	POLYGON ((-0.621456105995035 0.6764328066022152,-0.583173452246344 0.6764328066022152,-0.583173452246344 0.7005976956750495,-0.621456105995035 0.7005976956750495,-0.621456105995035 0.6764328066022152))	2
10	15	POLYGON ((-0.583173452246344 0.6764328066022152,-0.5448907984976531 0.6764328066022152,-0.5448907984976531 0.7005976956750495,-0.583173452246344 0.7005976956750495,-0.583173452246344 0.6764328066022152))	66
11	15	POLYGON ((-0.5448907984976531 0.6764328066022152,-0.5066081447489621 0.6764328066022152,-0.5066081447489621 0.7005976956750495,-0.5448907984976531 0.7005976956750495,-0.5448907984976531 0.6764328066022152))	724
12	15	POLYGON ((-0.5066081447489621 0.6764328066022152,-0.4683254910002712 0.6764328066022152,-0.4683254910002712 0.7005976956750495,-0.5066081447489621 0.7005976956750495,-0.5066081447489621 0.6764328066022152))	5673
13	15	POLYGON ((-0.4683254910002712 0.6764328066022152,-0.4300428372515802 0.6764328066022152,-0.4300428372515802 0.7005976956750495,-0.4683254910002712 0.7005976956750495,-0.4683254910002712 0.6764328066022152))	22822
14	15	POLYGON ((-0.4300428372515802 0.6764328066022152,-0.39176018350288927 0.6764328066022152,-0.39176018350288927 0.7005976956750495,-0.4300428372515802 0.7005976956750495,-0.4300428372515802 0.6764328066022152))	102223
15	15	POLYGON ((-0.39176018350288927 0.6764328066022152,-0.3534775297541983 0.6764328066022152,-0.3534775297541983 0.7005976956750495,-0.39176018350288927 0.7005976956750495,-0.39176018350288927 0.6764328066022152))	534869
16	15	POLYGON ((-0.3534775297541983 0.6764328066022152,-0.3151948760055074 0.6764328066022152,-0.3151948760055074 0.7005976956750495,-0.3534775297541983 0.7005976956750495,-0.3534775297541983 0.6764328066022152))	48733
17	15	POLYGON ((-0.3151948760055074 0.6764328066022152,-0.27691222225681644 0.6764328066022152,-0.27691222225681644 0.7005976956750495,-0.3151948760055074 0.7005976956750495,-0.3151948760055074 0.6764328066022152))	20082
18	15	POLYGON ((-0.27691222225681644 0.6764328066022152,-0.23862956850812547 0.6764328066022152,-0.23862956850812547 0.7005976956750495,-0.27691222225681644 0.7005976956750495,-0.27691222225681644 0.6764328066022152))	4706
19	15	POLYGON ((-0.23862956850812547 0.6764328066022152,-0.2003469147594345 0.6764328066022152,-0.2003469147594345 0.7005976956750495,-0.23862956850812547 0.7005976956750495,-0.23862956850812547 0.6764328066022152))	594
20	15	POLYGON ((-0.2003469147594345 0.6764328066022152,-0.16206426101074356 0.6764328066022152,-0.16206426101074356 0.7005976956750495,-0.2003469147594345 0.7005976956750495,-0.2003469147594345 0.6764328066022152))	33
21	15	POLYGON ((-0.16206426101074356 0.6764328066022152,-0.12378160726205262 0.6764328066022152,-0.12378160726205262 0.7005976956750495,-0.16206426101074356 0.7005976956750495,-0.16206426101074356 0.6764328066022152))	2
22	15	POLYGON ((-0.12378160726205262 0.6764328066022152,-0.08549895351336165 0.6764328066022152,-0.08549895351336165 0.7005976956750495,-0.12378160726205262 0.7005976956750495,-0.12378160726205262 0.6764328066022152))	0
23	15	POLYGON ((-0.08549895351336165 0.6764328066022152,-0.04721629976467073 0.6764328066022152,-0.04721629976467073 0.7005976956750495,-0.08549895351336165 0.7005976956750495,-0.08549895351336165 0.6764328066022152))	0
24	15	POLYGON ((-0.04721629976467073 0.6764328066022152,-0.00893364601597979 0.6764328066022152,-0.00893364601597979 0.7005976956750495,-0.04721629976467073 0.7005976956750495,-0.04721629976467073 0.6764328066022152))	0
25	15	POLYGON ((-0.00893364601597979 0.6764328066022152,0.02934900773271118 0.6764328066022152,0.02934900773271118 0.7005976956750495,-0.00893364601597979 0.7005976956750495,-0.00893364601597979 0.6764328066022152))	0
26	15	POLYGON ((0.02934900773271118 0.6764328066022152,0.06763166148140212 0.6764328066022152,0.06763166148140212 0.7005976956750495,0.02934900773271118 0.7005976956750495,0.02934900773271118 0.6764328066022152))	0
27	15	POLYGON ((0.06763166148140212 0.6764328066022152,0.10591431523009305 0.6764328066022152,0.10591431523009305 0.7005976956750495,0.06763166148140212 0.7005976956750495,0.06763166148140212 0.6764328066022152))	0
28	15	POLYGON ((0.10591431523009305 0.6764328066022152,0.14419696897878403 0.6764328066022152,0.14419696897878403 0.7005976956750495,0.10591431523009305 0.7005976956750495,0.10591431523009305 0.6764328066022152))	0
29	15	POLYGON ((0.14419696897878403 0.6764328066022152,0.18247962272747495 0.6764328066022152,0.18247962272747495 0.7005976956750495,0.14419696897878403 0.7005976956750495,0.14419696897878403 0.6764328066022152))	0
30	15	POLYGON ((0.18247962272747495 0.6764328066022152,0.22076227647616592 0.6764328066022152,0.22076227647616592 0.7005976956750495,0.18247962272747495 0.7005976956750495,0.18247962272747495 0.6764328066022152))	0
31	15	POLYGON ((0.22076227647616592 0.6764328066022152,0.25904493022485686 0.6764328066022152,0.25904493022485686 0.7005976956750495,0.22076227647616592 0.7005976956750495,0.22076227647616592 0.6764328066022152))	0
0	16	POLYGON ((-0.9659999897332535 0.7005976956750495,-0.9277173359845626 0.7005976956750495,-0.9277173359845626 0.7247625847478838,-0.9659999897332535 0.7247625847478838,-0.9659999897332535 0.7005976956750495))	0
1	16	POLYGON ((-0.9277173359845626 0.7005976956750495,-0.8894346822358716 0.7005976956750495,-0.8894346822358716 0.7247625847478838,-0.9277173359845626 0.7247625847478838,-0.9277173359845626 0.7005976956750495))	0
2	16	POLYGON ((-0.8894346822358716 0.7005976956750495,-0.8511520284871807 0.7005976956750495,-0.8511520284871807 0.7247625847478838,-0.8894346822358716 0.7247625847478838,-0.8894346822358716 0.7005976956750495))	0
3	16	POLYGON ((-0.8511520284871807 0.7005976956750495,-0.8128693747384897 0.7005976956750495,-0.8128693747384897 0.7247625847478838,-0.8511520284871807 0.7247625847478838,-0.8511520284871807 0.7005976956750495))	0
4	16	POLYGON ((-0.8128693747384897 0.7005976956750495,-0.7745867209897987 0.7005976956750495,-0.7745867209897987 0.7247625847478838,-0.8128693747384897 0.7247625847478838,-0.8128693747384897 0.7005976956750495))	0
5	16	POLYGON ((-0.7745867209897987 0.7005976956750495,-0.7363040672411078 0.7005976956750495,-0.7363040672411078 0.7247625847478838,-0.7745867209897987 0.7247625847478838,-0.7745867209897987 0.7005976956750495))	0
6	16	POLYGON ((-0.7363040672411078 0.7005976956750495,-0.6980214134924169 0.7005976956750495,-0.6980214134924169 0.7247625847478838,-0.7363040672411078 0.7247625847478838,-0.7363040672411078 0.7005976956750495))	0
7	16	POLYGON ((-0.6980214134924169 0.7005976956750495,-0.6597387597437259 0.7005976956750495,-0.6597387597437259 0.7247625847478838,-0.6980214134924169 0.7247625847478838,-0.6980214134924169 0.7005976956750495))	0
8	16	POLYGON ((-0.6597387597437259 0.7005976956750495,-0.621456105995035 0.7005976956750495,-0.621456105995035 0.7247625847478838,-0.6597387597437259 0.7247625847478838,-0.6597387597437259 0.7005976956750495))	0
9	16	POLYGON ((-0.621456105995035 0.7005976956750495,-0.583173452246344 0.7005976956750495,-0.583173452246344 0.7247625847478838,-0.621456105995035 0.7247625847478838,-0.621456105995035 0.7005976956750495))	0
10	16	POLYGON ((-0.583173452246344 0.7005976956750495,-0.5448907984976531 0.7005976956750495,-0.5448907984976531 0.7247625847478838,-0.583173452246344 0.7247625847478838,-0.583173452246344 0.7005976956750495))	2
11	16	POLYGON ((-0.5448907984976531 0.7005976956750495,-0.5066081447489621 0.7005976956750495,-0.5066081447489621 0.7247625847478838,-0.5448907984976531 0.7247625847478838,-0.5448907984976531 0.7005976956750495))	48
12	16	POLYGON ((-0.5066081447489621 0.7005976956750495,-0.4683254910002712 0.7005976956750495,-0.4683254910002712 0.7247625847478838,-0.5066081447489621 0.7247625847478838,-0.5066081447489621 0.7005976956750495))	613
13	16	POLYGON ((-0.4683254910002712 0.7005976956750495,-0.4300428372515802 0.7005976956750495,-0.4300428372515802 0.7247625847478838,-0.4683254910002712 0.7247625847478838,-0.4683254910002712 0.7005976956750495))	4862
14	16	POLYGON ((-0.4300428372515802 0.7005976956750495,-0.39176018350288927 0.7005976956750495,-0.39176018350288927 0.7247625847478838,-0.4300428372515802 0.7247625847478838,-0.4300428372515802 0.7005976956750495))	20249
15	16	POLYGON ((-0.39176018350288927 0.7005976956750495,-0.3534775297541983 0.7005976956750495,-0.3534775297541983 0.7247625847478838,-0.39176018350288927 0.7247625847478838,-0.39176018350288927 0.7005976956750495))	55385
16	16	POLYGON ((-0.3534775297541983 0.7005976956750495,-0.3151948760055074 0.7005976956750495,-0.3151948760055074 0.7247625847478838,-0.3534775297541983 0.7247625847478838,-0.3534775297541983 0.7005976956750495))	541123
17	16	POLYGON ((-0.3151948760055074 0.7005976956750495,-0.27691222225681644 0.7005976956750495,-0.27691222225681644 0.7247625847478838,-0.3151948760055074 0.7247625847478838,-0.3151948760055074 0.7005976956750495))	89852
18	16	POLYGON ((-0.27691222225681644 0.7005976956750495,-0.23862956850812547 0.7005976956750495,-0.23862956850812547 0.7247625847478838,-0.27691222225681644 0.7247625847478838,-0.27691222225681644 0.7005976956750495))	22361
19	16	POLYGON ((-0.23862956850812547 0.7005976956750495,-0.2003469147594345 0.7005976956750495,-0.2003469147594345 0.7247625847478838,-0.23862956850812547 0.7247625847478838,-0.23862956850812547 0.7005976956750495))	5421
20	16	POLYGON ((-0.2003469147594345 0.7005976956750495,-0.16206426101074356 0.7005976956750495,-0.16206426101074356 0.7247625847478838,-0.2003469147594345 0.7247625847478838,-0.2003469147594345 0.7005976956750495))	733
21	16	POLYGON ((-0.16206426101074356 0.7005976956750495,-0.12378160726205262 0.7005976956750495,-0.12378160726205262 0.7247625847478838,-0.16206426101074356 0.7247625847478838,-0.16206426101074356 0.7005976956750495))	47
22	16	POLYGON ((-0.12378160726205262 0.7005976956750495,-0.08549895351336165 0.7005976956750495,-0.08549895351336165 0.7247625847478838,-0.12378160726205262 0.7247625847478838,-0.12378160726205262 0.7005976956750495))	1
23	16	POLYGON ((-0.08549895351336165 0.7005976956750495,-0.04721629976467073 0.7005976956750495,-0.04721629976467073 0.7247625847478838,-0.08549895351336165 0.7247625847478838,-0.08549895351336165 0.7005976956750495))	0
24	16	POLYGON ((-0.04721629976467073 0.7005976956750495,-0.00893364601597979 0.7005976956750495,-0.00893364601597979 0.7247625847478838,-0.04721629976467073 0.7247625847478838,-0.04721629976467073 0.7005976956750495))	0
25	16	POLYGON ((-0.00893364601597979 0.7005976956750495,0.02934900773271118 0.7005976956750495,0.02934900773271118 0.7247625847478838,-0.00893364601597979 0.7247625847478838,-0.00893364601597979 0.7005976956750495))	0
26	16	POLYGON ((0.02934900773271118 0.7005976956750495,0.06763166148140212 0.7005976956750495,0.06763166148140212 0.7247625847478838,0.02934900773271118 0.7247625847478838,0.02934900773271118 0.7005976956750495))	0
27	16	POLYGON ((0.06763166148140212 0.7005976956750495,0.10591431523009305 0.7005976956750495,0.10591431523009305 0.7247625847478838,0.06763166148140212 0.7247625847478838,0.06763166148140212 0.7005976956750495))	0
28	16	POLYGON ((0.10591431523009305 0.7005976956750495,0.14419696897878403 0.7005976956750495,0.14419696897878403 0.7247625847478838,0.10591431523009305 0.7247625847478838,0.10591431523009305 0.7005976956750495))	0
29	16	POLYGON ((0.14419696897878403 0.7005976956750495,0.18247962272747495 0.7005976956750495,0.18247962272747495 0.7247625847478838,0.14419696897878403 0.7247625847478838,0.14419696897878403 0.7005976956750495))	0
30	16	POLYGON ((0.18247962272747495 0.7005976956750495,0.22076227647616592 0.7005976956750495,0.22076227647616592 0.7247625847478838,0.18247962272747495 0.7247625847478838,0.18247962272747495 0.7005976956750495))	0
31	16	POLYGON ((0.22076227647616592 0.7005976956750495,0.25904493022485686 0.7005976956750495,0.25904493022485686 0.7247625847478838,0.22076227647616592 0.7247625847478838,0.22076227647616592 0.7005976956750495))	0
0	17	POLYGON ((-0.9659999897332535 0.7247625847478838,-0.9277173359845626 0.7247625847478838,-0.9277173359845626 0.7489274738207179,-0.9659999897332535 0.7489274738207179,-0.9659999897332535 0.7247625847478838))	0
1	17	POLYGON ((-0.9277173359845626 0.7247625847478838,-0.8894346822358716 0.7247625847478838,-0.8894346822358716 0.7489274738207179,-0.9277173359845626 0.7489274738207179,-0.9277173359845626 0.7247625847478838))	0
2	17	POLYGON ((-0.8894346822358716 0.7247625847478838,-0.8511520284871807 0.7247625847478838,-0.8511520284871807 0.7489274738207179,-0.8894346822358716 0.7489274738207179,-0.8894346822358716 0.7247625847478838))	0
3	17	POLYGON ((-0.8511520284871807 0.7247625847478838,-0.8128693747384897 0.7247625847478838,-0.8128693747384897 0.7489274738207179,-0.8511520284871807 0.7489274738207179,-0.8511520284871807 0.7247625847478838))	0
4	17	POLYGON ((-0.8128693747384897 0.7247625847478838,-0.7745867209897987 0.7247625847478838,-0.7745867209897987 0.7489274738207179,-0.8128693747384897 0.7489274738207179,-0.8128693747384897 0.7247625847478838))	0
5	17	POLYGON ((-0.7745867209897987 0.7247625847478838,-0.7363040672411078 0.7247625847478838,-0.7363040672411078 0.7489274738207179,-0.7745867209897987 0.7489274738207179,-0.7745867209897987 0.7247625847478838))	0
6	17	POLYGON ((-0.7363040672411078 0.7247625847478838,-0.6980214134924169 0.7247625847478838,-0.6980214134924169 0.7489274738207179,-0.7363040672411078 0.7489274738207179,-0.7363040672411078 0.7247625847478838))	0
7	17	POLYGON ((-0.6980214134924169 0.7247625847478838,-0.6597387597437259 0.7247625847478838,-0.6597387597437259 0.7489274738207179,-0.6980214134924169 0.7489274738207179,-0.6980214134924169 0.7247625847478838))	0
8	17	POLYGON ((-0.6597387597437259 0.7247625847478838,-0.621456105995035 0.7247625847478838,-0.621456105995035 0.7489274738207179,-0.6597387597437259 0.7489274738207179,-0.6597387597437259 0.7247625847478838))	0
9	17	POLYGON ((-0.621456105995035 0.7247625847478838,-0.583173452246344 0.7247625847478838,-0.583173452246344 0.7489274738207179,-0.621456105995035 0.7489274738207179,-0.621456105995035 0.7247625847478838))	0
10	17	POLYGON ((-0.583173452246344 0.7247625847478838,-0.5448907984976531 0.7247625847478838,-0.5448907984976531 0.7489274738207179,-0.583173452246344 0.7489274738207179,-0.583173452246344 0.7247625847478838))	0
11	17	POLYGON ((-0.5448907984976531 0.7247625847478838,-0.5066081447489621 0.7247625847478838,-0.5066081447489621 0.7489274738207179,-0.5448907984976531 0.7489274738207179,-0.5448907984976531 0.7247625847478838))	1
12	17	POLYGON ((-0.5066081447489621 0.7247625847478838,-0.4683254910002712 0.7247625847478838,-0.4683254910002712 0.7489274738207179,-0.5066081447489621 0.7489274738207179,-0.5066081447489621 0.7247625847478838))	43
13	17	POLYGON ((-0.4683254910002712 0.7247625847478838,-0.4300428372515802 0.7247625847478838,-0.4300428372515802 0.7489274738207179,-0.4683254910002712 0.7489274738207179,-0.4683254910002712 0.7247625847478838))	506
14	17	POLYGON ((-0.4300428372515802 0.7247625847478838,-0.39176018350288927 0.7247625847478838,-0.39176018350288927 0.7489274738207179,-0.4300428372515802 0.7489274738207179,-0.4300428372515802 0.7247625847478838))	4079
15	17	POLYGON ((-0.39176018350288927 0.7247625847478838,-0.3534775297541983 0.7247625847478838,-0.3534775297541983 0.7489274738207179,-0.39176018350288927 0.7489274738207179,-0.39176018350288927 0.7247625847478838))	18498
16	17	POLYGON ((-0.3534775297541983 0.7247625847478838,-0.3151948760055074 0.7247625847478838,-0.3151948760055074 0.7489274738207179,-0.3534775297541983 0.7489274738207179,-0.3534775297541983 0.7247625847478838))	46289
17	17	POLYGON ((-0.3151948760055074 0.7247625847478838,-0.27691222225681644 0.7247625847478838,-0.27691222225681644 0.7489274738207179,-0.3151948760055074 0.7489274738207179,-0.3151948760055074 0.7247625847478838))	502582
18	17	POLYGON ((-0.27691222225681644 0.7247625847478838,-0.23862956850812547 0.7247625847478838,-0.23862956850812547 0.7489274738207179,-0.27691222225681644 0.7489274738207179,-0.27691222225681644 0.7247625847478838))	137110
19	17	POLYGON ((-0.23862956850812547 0.7247625847478838,-0.2003469147594345 0.7247625847478838,-0.2003469147594345 0.7489274738207179,-0.23862956850812547 0.7489274738207179,-0.23862956850812547 0.7247625847478838))	24500
20	17	POLYGON ((-0.2003469147594345 0.7247625847478838,-0.16206426101074356 0.7247625847478838,-0.16206426101074356 0.7489274738207179,-0.2003469147594345 0.7489274738207179,-0.2003469147594345 0.7247625847478838))	6515
21	17	POLYGON ((-0.16206426101074356 0.7247625847478838,-0.12378160726205262 0.7247625847478838,-0.12378160726205262 0.7489274738207179,-0.16206426101074356 0.7489274738207179,-0.16206426101074356 0.7247625847478838))	926
22	17	POLYGON ((-0.12378160726205262 0.7247625847478838,-0.08549895351336165 0.7247625847478838,-0.08549895351336165 0.7489274738207179,-0.12378160726205262 0.7489274738207179,-0.12378160726205262 0.7247625847478838))	72
23	17	POLYGON ((-0.08549895351336165 0.7247625847478838,-0.04721629976467073 0.7247625847478838,-0.04721629976467073 0.7489274738207179,-0.08549895351336165 0.7489274738207179,-0.08549895351336165 0.7247625847478838))	5
24	17	POLYGON ((-0.04721629976467073 0.7247625847478838,-0.00893364601597979 0.7247625847478838,-0.00893364601597979 0.7489274738207179,-0.04721629976467073 0.7489274738207179,-0.04721629976467073 0.7247625847478838))	0
25	17	POLYGON ((-0.00893364601597979 0.7247625847478838,0.02934900773271118 0.7247625847478838,0.02934900773271118 0.7489274738207179,-0.00893364601597979 0.7489274738207179,-0.00893364601597979 0.7247625847478838))	0
26	17	POLYGON ((0.02934900773271118 0.7247625847478838,0.06763166148140212 0.7247625847478838,0.06763166148140212 0.7489274738207179,0.02934900773271118 0.7489274738207179,0.02934900773271118 0.7247625847478838))	0
27	17	POLYGON ((0.06763166148140212 0.7247625847478838,0.10591431523009305 0.7247625847478838,0.10591431523009305 0.7489274738207179,0.06763166148140212 0.7489274738207179,0.06763166148140212 0.7247625847478838))	0
28	17	POLYGON ((0.10591431523009305 0.7247625847478838,0.14419696897878403 0.7247625847478838,0.14419696897878403 0.7489274738207179,0.10591431523009305 0.7489274738207179,0.10591431523009305 0.7247625847478838))	0
29	17	POLYGON ((0.14419696897878403 0.7247625847478838,0.18247962272747495 0.7247625847478838,0.18247962272747495 0.7489274738207179,0.14419696897878403 0.7489274738207179,0.14419696897878403 0.7247625847478838))	0
30	17	POLYGON ((0.18247962272747495 0.7247625847478838,0.22076227647616592 0.7247625847478838,0.22076227647616592 0.7489274738207179,0.18247962272747495 0.7489274738207179,0.18247962272747495 0.7247625847478838))	0
31	17	POLYGON ((0.22076227647616592 0.7247625847478838,0.25904493022485686 0.7247625847478838,0.25904493022485686 0.7489274738207179,0.22076227647616592 0.7489274738207179,0.22076227647616592 0.7247625847478838))	0
0	18	POLYGON ((-0.9659999897332535 0.7489274738207179,-0.9277173359845626 0.7489274738207179,-0.9277173359845626 0.7730923628935521,-0.9659999897332535 0.7730923628935521,-0.9659999897332535 0.7489274738207179))	0
1	18	POLYGON ((-0.9277173359845626 0.7489274738207179,-0.8894346822358716 0.7489274738207179,-0.8894346822358716 0.7730923628935521,-0.9277173359845626 0.7730923628935521,-0.9277173359845626 0.7489274738207179))	0
2	18	POLYGON ((-0.8894346822358716 0.7489274738207179,-0.8511520284871807 0.7489274738207179,-0.8511520284871807 0.7730923628935521,-0.8894346822358716 0.7730923628935521,-0.8894346822358716 0.7489274738207179))	0
3	18	POLYGON ((-0.8511520284871807 0.7489274738207179,-0.8128693747384897 0.7489274738207179,-0.8128693747384897 0.7730923628935521,-0.8511520284871807 0.7730923628935521,-0.8511520284871807 0.7489274738207179))	0
4	18	POLYGON ((-0.8128693747384897 0.7489274738207179,-0.7745867209897987 0.7489274738207179,-0.7745867209897987 0.7730923628935521,-0.8128693747384897 0.7730923628935521,-0.8128693747384897 0.7489274738207179))	0
5	18	POLYGON ((-0.7745867209897987 0.7489274738207179,-0.7363040672411078 0.7489274738207179,-0.7363040672411078 0.7730923628935521,-0.7745867209897987 0.7730923628935521,-0.7745867209897987 0.7489274738207179))	0
6	18	POLYGON ((-0.7363040672411078 0.7489274738207179,-0.6980214134924169 0.7489274738207179,-0.6980214134924169 0.7730923628935521,-0.7363040672411078 0.7730923628935521,-0.7363040672411078 0.7489274738207179))	0
7	18	POLYGON ((-0.6980214134924169 0.7489274738207179,-0.6597387597437259 0.7489274738207179,-0.6597387597437259 0.7730923628935521,-0.6980214134924169 0.7730923628935521,-0.6980214134924169 0.7489274738207179))	0
8	18	POLYGON ((-0.6597387597437259 0.7489274738207179,-0.621456105995035 0.7489274738207179,-0.621456105995035 0.7730923628935521,-0.6597387597437259 0.7730923628935521,-0.6597387597437259 0.7489274738207179))	0
9	18	POLYGON ((-0.621456105995035 0.7489274738207179,-0.583173452246344 0.7489274738207179,-0.583173452246344 0.7730923628935521,-0.621456105995035 0.7730923628935521,-0.621456105995035 0.7489274738207179))	0
10	18	POLYGON ((-0.583173452246344 0.7489274738207179,-0.5448907984976531 0.7489274738207179,-0.5448907984976531 0.7730923628935521,-0.583173452246344 0.7730923628935521,-0.583173452246344 0.7489274738207179))	0
11	18	POLYGON ((-0.5448907984976531 0.7489274738207179,-0.5066081447489621 0.7489274738207179,-0.5066081447489621 0.7730923628935521,-0.5448907984976531 0.7730923628935521,-0.5448907984976531 0.7489274738207179))	0
12	18	POLYGON ((-0.5066081447489621 0.7489274738207179,-0.4683254910002712 0.7489274738207179,-0.4683254910002712 0.7730923628935521,-0.5066081447489621 0.7730923628935521,-0.5066081447489621 0.7489274738207179))	2
13	18	POLYGON ((-0.4683254910002712 0.7489274738207179,-0.4300428372515802 0.7489274738207179,-0.4300428372515802 0.7730923628935521,-0.4683254910002712 0.7730923628935521,-0.4683254910002712 0.7489274738207179))	30
14	18	POLYGON ((-0.4300428372515802 0.7489274738207179,-0.39176018350288927 0.7489274738207179,-0.39176018350288927 0.7730923628935521,-0.4300428372515802 0.7730923628935521,-0.4300428372515802 0.7489274738207179))	414
15	18	POLYGON ((-0.39176018350288927 0.7489274738207179,-0.3534775297541983 0.7489274738207179,-0.3534775297541983 0.7730923628935521,-0.39176018350288927 0.7730923628935521,-0.39176018350288927 0.7489274738207179))	3490
16	18	POLYGON ((-0.3534775297541983 0.7489274738207179,-0.3151948760055074 0.7489274738207179,-0.3151948760055074 0.7730923628935521,-0.3534775297541983 0.7730923628935521,-0.3534775297541983 0.7489274738207179))	16481
17	18	POLYGON ((-0.3151948760055074 0.7489274738207179,-0.27691222225681644 0.7489274738207179,-0.27691222225681644 0.7730923628935521,-0.3151948760055074 0.7730923628935521,-0.3151948760055074 0.7489274738207179))	44038
18	18	POLYGON ((-0.27691222225681644 0.7489274738207179,-0.23862956850812547 0.7489274738207179,-0.23862956850812547 0.7730923628935521,-0.27691222225681644 0.7730923628935521,-0.27691222225681644 0.7489274738207179))	456129
19	18	POLYGON ((-0.23862956850812547 0.7489274738207179,-0.2003469147594345 0.7489274738207179,-0.2003469147594345 0.7730923628935521,-0.23862956850812547 0.7730923628935521,-0.23862956850812547 0.7489274738207179))	182696
20	18	POLYGON ((-0.2003469147594345 0.7489274738207179,-0.16206426101074356 0.7489274738207179,-0.16206426101074356 0.7730923628935521,-0.2003469147594345 0.7730923628935521,-0.2003469147594345 0.7489274738207179))	27538
21	18	POLYGON ((-0.16206426101074356 0.7489274738207179,-0.12378160726205262 0.7489274738207179,-0.12378160726205262 0.7730923628935521,-0.16206426101074356 0.7730923628935521,-0.16206426101074356 0.7489274738207179))	7412
22	18	POLYGON ((-0.12378160726205262 0.7489274738207179,-0.08549895351336165 0.7489274738207179,-0.08549895351336165 0.7730923628935521,-0.12378160726205262 0.7730923628935521,-0.12378160726205262 0.7489274738207179))	1139
23	18	POLYGON ((-0.08549895351336165 0.7489274738207179,-0.04721629976467073 0.7489274738207179,-0.04721629976467073 0.7730923628935521,-0.08549895351336165 0.7730923628935521,-0.08549895351336165 0.7489274738207179))	80
24	18	POLYGON ((-0.04721629976467073 0.7489274738207179,-0.00893364601597979 0.7489274738207179,-0.00893364601597979 0.7730923628935521,-0.04721629976467073 0.7730923628935521,-0.04721629976467073 0.7489274738207179))	4
25	18	POLYGON ((-0.00893364601597979 0.7489274738207179,0.02934900773271118 0.7489274738207179,0.02934900773271118 0.7730923628935521,-0.00893364601597979 0.7730923628935521,-0.00893364601597979 0.7489274738207179))	0
26	18	POLYGON ((0.02934900773271118 0.7489274738207179,0.06763166148140212 0.7489274738207179,0.06763166148140212 0.7730923628935521,0.02934900773271118 0.7730923628935521,0.02934900773271118 0.7489274738207179))	0
27	18	POLYGON ((0.06763166148140212 0.7489274738207179,0.10591431523009305 0.7489274738207179,0.10591431523009305 0.7730923628935521,0.06763166148140212 0.7730923628935521,0.06763166148140212 0.7489274738207179))	0
28	18	POLYGON ((0.10591431523009305 0.7489274738207179,0.14419696897878403 0.7489274738207179,0.14419696897878403 0.7730923628935521,0.10591431523009305 0.7730923628935521,0.10591431523009305 0.7489274738207179))	0
29	18	POLYGON ((0.14419696897878403 0.7489274738207179,0.18247962272747495 0.7489274738207179,0.18247962272747495 0.7730923628935521,0.14419696897878403 0.7730923628935521,0.14419696897878403 0.7489274738207179))	0
30	18	POLYGON ((0.18247962272747495 0.7489274738207179,0.22076227647616592 0.7489274738207179,0.22076227647616592 0.7730923628935521,0.18247962272747495 0.7730923628935521,0.18247962272747495 0.7489274738207179))	0
31	18	POLYGON ((0.22076227647616592 0.7489274738207179,0.25904493022485686 0.7489274738207179,0.25904493022485686 0.7730923628935521,0.22076227647616592 0.7730923628935521,0.22076227647616592 0.7489274738207179))	0
0	19	POLYGON ((-0.9659999897332535 0.7730923628935521,-0.9277173359845626 0.7730923628935521,-0.9277173359845626 0.7972572519663864,-0.9659999897332535 0.7972572519663864,-0.9659999897332535 0.7730923628935521))	0
1	19	POLYGON ((-0.9277173359845626 0.7730923628935521,-0.8894346822358716 0.7730923628935521,-0.8894346822358716 0.7972572519663864,-0.9277173359845626 0.7972572519663864,-0.9277173359845626 0.7730923628935521))	0
2	19	POLYGON ((-0.8894346822358716 0.7730923628935521,-0.8511520284871807 0.7730923628935521,-0.8511520284871807 0.7972572519663864,-0.8894346822358716 0.7972572519663864,-0.8894346822358716 0.7730923628935521))	0
3	19	POLYGON ((-0.8511520284871807 0.7730923628935521,-0.8128693747384897 0.7730923628935521,-0.8128693747384897 0.7972572519663864,-0.8511520284871807 0.7972572519663864,-0.8511520284871807 0.7730923628935521))	0
4	19	POLYGON ((-0.8128693747384897 0.7730923628935521,-0.7745867209897987 0.7730923628935521,-0.7745867209897987 0.7972572519663864,-0.8128693747384897 0.7972572519663864,-0.8128693747384897 0.7730923628935521))	0
5	19	POLYGON ((-0.7745867209897987 0.7730923628935521,-0.7363040672411078 0.7730923628935521,-0.7363040672411078 0.7972572519663864,-0.7745867209897987 0.7972572519663864,-0.7745867209897987 0.7730923628935521))	0
6	19	POLYGON ((-0.7363040672411078 0.7730923628935521,-0.6980214134924169 0.7730923628935521,-0.6980214134924169 0.7972572519663864,-0.7363040672411078 0.7972572519663864,-0.7363040672411078 0.7730923628935521))	0
7	19	POLYGON ((-0.6980214134924169 0.7730923628935521,-0.6597387597437259 0.7730923628935521,-0.6597387597437259 0.7972572519663864,-0.6980214134924169 0.7972572519663864,-0.6980214134924169 0.7730923628935521))	0
8	19	POLYGON ((-0.6597387597437259 0.7730923628935521,-0.621456105995035 0.7730923628935521,-0.621456105995035 0.7972572519663864,-0.6597387597437259 0.7972572519663864,-0.6597387597437259 0.7730923628935521))	0
9	19	POLYGON ((-0.621456105995035 0.7730923628935521,-0.583173452246344 0.7730923628935521,-0.583173452246344 0.7972572519663864,-0.621456105995035 0.7972572519663864,-0.621456105995035 0.7730923628935521))	0
10	19	POLYGON ((-0.583173452246344 0.7730923628935521,-0.5448907984976531 0.7730923628935521,-0.5448907984976531 0.7972572519663864,-0.583173452246344 0.7972572519663864,-0.583173452246344 0.7730923628935521))	0
11	19	POLYGON ((-0.5448907984976531 0.7730923628935521,-0.5066081447489621 0.7730923628935521,-0.5066081447489621 0.7972572519663864,-0.5448907984976531 0.7972572519663864,-0.5448907984976531 0.7730923628935521))	0
12	19	POLYGON ((-0.5066081447489621 0.7730923628935521,-0.4683254910002712 0.7730923628935521,-0.4683254910002712 0.7972572519663864,-0.5066081447489621 0.7972572519663864,-0.5066081447489621 0.7730923628935521))	0
13	19	POLYGON ((-0.4683254910002712 0.7730923628935521,-0.4300428372515802 0.7730923628935521,-0.4300428372515802 0.7972572519663864,-0.4683254910002712 0.7972572519663864,-0.4683254910002712 0.7730923628935521))	0
14	19	POLYGON ((-0.4300428372515802 0.7730923628935521,-0.39176018350288927 0.7730923628935521,-0.39176018350288927 0.7972572519663864,-0.4300428372515802 0.7972572519663864,-0.4300428372515802 0.7730923628935521))	22
15	19	POLYGON ((-0.39176018350288927 0.7730923628935521,-0.3534775297541983 0.7730923628935521,-0.3534775297541983 0.7972572519663864,-0.39176018350288927 0.7972572519663864,-0.39176018350288927 0.7730923628935521))	305
16	19	POLYGON ((-0.3534775297541983 0.7730923628935521,-0.3151948760055074 0.7730923628935521,-0.3151948760055074 0.7972572519663864,-0.3534775297541983 0.7972572519663864,-0.3534775297541983 0.7730923628935521))	2922
17	19	POLYGON ((-0.3151948760055074 0.7730923628935521,-0.27691222225681644 0.7730923628935521,-0.27691222225681644 0.7972572519663864,-0.3151948760055074 0.7972572519663864,-0.3151948760055074 0.7730923628935521))	14491
18	19	POLYGON ((-0.27691222225681644 0.7730923628935521,-0.23862956850812547 0.7730923628935521,-0.23862956850812547 0.7972572519663864,-0.27691222225681644 0.7972572519663864,-0.27691222225681644 0.7730923628935521))	40813
19	19	POLYGON ((-0.23862956850812547 0.7730923628935521,-0.2003469147594345 0.7730923628935521,-0.2003469147594345 0.7972572519663864,-0.23862956850812547 0.7972572519663864,-0.23862956850812547 0.7730923628935521))	411408
20	19	POLYGON ((-0.2003469147594345 0.7730923628935521,-0.16206426101074356 0.7730923628935521,-0.16206426101074356 0.7972572519663864,-0.2003469147594345 0.7972572519663864,-0.2003469147594345 0.7730923628935521))	231413
21	19	POLYGON ((-0.16206426101074356 0.7730923628935521,-0.12378160726205262 0.7730923628935521,-0.12378160726205262 0.7972572519663864,-0.16206426101074356 0.7972572519663864,-0.16206426101074356 0.7730923628935521))	29810
22	19	POLYGON ((-0.12378160726205262 0.7730923628935521,-0.08549895351336165 0.7730923628935521,-0.08549895351336165 0.7972572519663864,-0.12378160726205262 0.7972572519663864,-0.12378160726205262 0.7730923628935521))	8494
23	19	POLYGON ((-0.08549895351336165 0.7730923628935521,-0.04721629976467073 0.7730923628935521,-0.04721629976467073 0.7972572519663864,-0.08549895351336165 0.7972572519663864,-0.08549895351336165 0.7730923628935521))	1374
24	19	POLYGON ((-0.04721629976467073 0.7730923628935521,-0.00893364601597979 0.7730923628935521,-0.00893364601597979 0.7972572519663864,-0.04721629976467073 0.7972572519663864,-0.04721629976467073 0.7730923628935521))	125
25	19	POLYGON ((-0.00893364601597979 0.7730923628935521,0.02934900773271118 0.7730923628935521,0.02934900773271118 0.7972572519663864,-0.00893364601597979 0.7972572519663864,-0.00893364601597979 0.7730923628935521))	3
26	19	POLYGON ((0.02934900773271118 0.7730923628935521,0.06763166148140212 0.7730923628935521,0.06763166148140212 0.7972572519663864,0.02934900773271118 0.7972572519663864,0.02934900773271118 0.7730923628935521))	0
27	19	POLYGON ((0.06763166148140212 0.7730923628935521,0.10591431523009305 0.7730923628935521,0.10591431523009305 0.7972572519663864,0.06763166148140212 0.7972572519663864,0.06763166148140212 0.7730923628935521))	0
28	19	POLYGON ((0.10591431523009305 0.7730923628935521,0.14419696897878403 0.7730923628935521,0.14419696897878403 0.7972572519663864,0.10591431523009305 0.7972572519663864,0.10591431523009305 0.7730923628935521))	0
29	19	POLYGON ((0.14419696897878403 0.7730923628935521,0.18247962272747495 0.7730923628935521,0.18247962272747495 0.7972572519663864,0.14419696897878403 0.7972572519663864,0.14419696897878403 0.7730923628935521))	0
30	19	POLYGON ((0.18247962272747495 0.7730923628935521,0.22076227647616592 0.7730923628935521,0.22076227647616592 0.7972572519663864,0.18247962272747495 0.7972572519663864,0.18247962272747495 0.7730923628935521))	0
31	19	POLYGON ((0.22076227647616592 0.7730923628935521,0.25904493022485686 0.7730923628935521,0.25904493022485686 0.7972572519663864,0.22076227647616592 0.7972572519663864,0.22076227647616592 0.7730923628935521))	0
0	20	POLYGON ((-0.9659999897332535 0.7972572519663864,-0.9277173359845626 0.7972572519663864,-0.9277173359845626 0.8214221410392207,-0.9659999897332535 0.8214221410392207,-0.9659999897332535 0.7972572519663864))	0
1	20	POLYGON ((-0.9277173359845626 0.7972572519663864,-0.8894346822358716 0.7972572519663864,-0.8894346822358716 0.8214221410392207,-0.9277173359845626 0.8214221410392207,-0.9277173359845626 0.7972572519663864))	0
2	20	POLYGON ((-0.8894346822358716 0.7972572519663864,-0.8511520284871807 0.7972572519663864,-0.8511520284871807 0.8214221410392207,-0.8894346822358716 0.8214221410392207,-0.8894346822358716 0.7972572519663864))	0
3	20	POLYGON ((-0.8511520284871807 0.7972572519663864,-0.8128693747384897 0.7972572519663864,-0.8128693747384897 0.8214221410392207,-0.8511520284871807 0.8214221410392207,-0.8511520284871807 0.7972572519663864))	0
4	20	POLYGON ((-0.8128693747384897 0.7972572519663864,-0.7745867209897987 0.7972572519663864,-0.7745867209897987 0.8214221410392207,-0.8128693747384897 0.8214221410392207,-0.8128693747384897 0.7972572519663864))	0
5	20	POLYGON ((-0.7745867209897987 0.7972572519663864,-0.7363040672411078 0.7972572519663864,-0.7363040672411078 0.8214221410392207,-0.7745867209897987 0.8214221410392207,-0.7745867209897987 0.7972572519663864))	0
6	20	POLYGON ((-0.7363040672411078 0.7972572519663864,-0.6980214134924169 0.7972572519663864,-0.6980214134924169 0.8214221410392207,-0.7363040672411078 0.8214221410392207,-0.7363040672411078 0.7972572519663864))	0
7	20	POLYGON ((-0.6980214134924169 0.7972572519663864,-0.6597387597437259 0.7972572519663864,-0.6597387597437259 0.8214221410392207,-0.6980214134924169 0.8214221410392207,-0.6980214134924169 0.7972572519663864))	0
8	20	POLYGON ((-0.6597387597437259 0.7972572519663864,-0.621456105995035 0.7972572519663864,-0.621456105995035 0.8214221410392207,-0.6597387597437259 0.8214221410392207,-0.6597387597437259 0.7972572519663864))	0
9	20	POLYGON ((-0.621456105995035 0.7972572519663864,-0.583173452246344 0.7972572519663864,-0.583173452246344 0.8214221410392207,-0.621456105995035 0.8214221410392207,-0.621456105995035 0.7972572519663864))	0
10	20	POLYGON ((-0.583173452246344 0.7972572519663864,-0.5448907984976531 0.7972572519663864,-0.5448907984976531 0.8214221410392207,-0.583173452246344 0.8214221410392207,-0.583173452246344 0.7972572519663864))	0
11	20	POLYGON ((-0.5448907984976531 0.7972572519663864,-0.5066081447489621 0.7972572519663864,-0.5066081447489621 0.8214221410392207,-0.5448907984976531 0.8214221410392207,-0.5448907984976531 0.7972572519663864))	0
12	20	POLYGON ((-0.5066081447489621 0.7972572519663864,-0.4683254910002712 0.7972572519663864,-0.4683254910002712 0.8214221410392207,-0.5066081447489621 0.8214221410392207,-0.5066081447489621 0.7972572519663864))	0
13	20	POLYGON ((-0.4683254910002712 0.7972572519663864,-0.4300428372515802 0.7972572519663864,-0.4300428372515802 0.8214221410392207,-0.4683254910002712 0.8214221410392207,-0.4683254910002712 0.7972572519663864))	0
14	20	POLYGON ((-0.4300428372515802 0.7972572519663864,-0.39176018350288927 0.7972572519663864,-0.39176018350288927 0.8214221410392207,-0.4300428372515802 0.8214221410392207,-0.4300428372515802 0.7972572519663864))	0
15	20	POLYGON ((-0.39176018350288927 0.7972572519663864,-0.3534775297541983 0.7972572519663864,-0.3534775297541983 0.8214221410392207,-0.39176018350288927 0.8214221410392207,-0.39176018350288927 0.7972572519663864))	22
16	20	POLYGON ((-0.3534775297541983 0.7972572519663864,-0.3151948760055074 0.7972572519663864,-0.3151948760055074 0.8214221410392207,-0.3534775297541983 0.8214221410392207,-0.3534775297541983 0.7972572519663864))	242
17	20	POLYGON ((-0.3151948760055074 0.7972572519663864,-0.27691222225681644 0.7972572519663864,-0.27691222225681644 0.8214221410392207,-0.3151948760055074 0.8214221410392207,-0.3151948760055074 0.7972572519663864))	2418
18	20	POLYGON ((-0.27691222225681644 0.7972572519663864,-0.23862956850812547 0.7972572519663864,-0.23862956850812547 0.8214221410392207,-0.27691222225681644 0.8214221410392207,-0.27691222225681644 0.7972572519663864))	12867
19	20	POLYGON ((-0.23862956850812547 0.7972572519663864,-0.2003469147594345 0.7972572519663864,-0.2003469147594345 0.8214221410392207,-0.23862956850812547 0.8214221410392207,-0.23862956850812547 0.7972572519663864))	37970
20	20	POLYGON ((-0.2003469147594345 0.7972572519663864,-0.16206426101074356 0.7972572519663864,-0.16206426101074356 0.8214221410392207,-0.2003469147594345 0.8214221410392207,-0.2003469147594345 0.7972572519663864))	365755
21	20	POLYGON ((-0.16206426101074356 0.7972572519663864,-0.12378160726205262 0.7972572519663864,-0.12378160726205262 0.8214221410392207,-0.16206426101074356 0.8214221410392207,-0.16206426101074356 0.7972572519663864))	276845
22	20	POLYGON ((-0.12378160726205262 0.7972572519663864,-0.08549895351336165 0.7972572519663864,-0.08549895351336165 0.8214221410392207,-0.12378160726205262 0.8214221410392207,-0.12378160726205262 0.7972572519663864))	32475
23	20	POLYGON ((-0.08549895351336165 0.7972572519663864,-0.04721629976467073 0.7972572519663864,-0.04721629976467073 0.8214221410392207,-0.08549895351336165 0.8214221410392207,-0.08549895351336165 0.7972572519663864))	10040
24	20	POLYGON ((-0.04721629976467073 0.7972572519663864,-0.00893364601597979 0.7972572519663864,-0.00893364601597979 0.8214221410392207,-0.04721629976467073 0.8214221410392207,-0.04721629976467073 0.7972572519663864))	1677
25	20	POLYGON ((-0.00893364601597979 0.7972572519663864,0.02934900773271118 0.7972572519663864,0.02934900773271118 0.8214221410392207,-0.00893364601597979 0.8214221410392207,-0.00893364601597979 0.7972572519663864))	157
26	20	POLYGON ((0.02934900773271118 0.7972572519663864,0.06763166148140212 0.7972572519663864,0.06763166148140212 0.8214221410392207,0.02934900773271118 0.8214221410392207,0.02934900773271118 0.7972572519663864))	9
27	20	POLYGON ((0.06763166148140212 0.7972572519663864,0.10591431523009305 0.7972572519663864,0.10591431523009305 0.8214221410392207,0.06763166148140212 0.8214221410392207,0.06763166148140212 0.7972572519663864))	1
28	20	POLYGON ((0.10591431523009305 0.7972572519663864,0.14419696897878403 0.7972572519663864,0.14419696897878403 0.8214221410392207,0.10591431523009305 0.8214221410392207,0.10591431523009305 0.7972572519663864))	0
29	20	POLYGON ((0.14419696897878403 0.7972572519663864,0.18247962272747495 0.7972572519663864,0.18247962272747495 0.8214221410392207,0.14419696897878403 0.8214221410392207,0.14419696897878403 0.7972572519663864))	0
30	20	POLYGON ((0.18247962272747495 0.7972572519663864,0.22076227647616592 0.7972572519663864,0.22076227647616592 0.8214221410392207,0.18247962272747495 0.8214221410392207,0.18247962272747495 0.7972572519663864))	0
31	20	POLYGON ((0.22076227647616592 0.7972572519663864,0.25904493022485686 0.7972572519663864,0.25904493022485686 0.8214221410392207,0.22076227647616592 0.8214221410392207,0.22076227647616592 0.7972572519663864))	0
0	21	POLYGON ((-0.9659999897332535 0.8214221410392207,-0.9277173359845626 0.8214221410392207,-0.9277173359845626 0.8455870301120549,-0.9659999897332535 0.8455870301120549,-0.9659999897332535 0.8214221410392207))	0
1	21	POLYGON ((-0.9277173359845626 0.8214221410392207,-0.8894346822358716 0.8214221410392207,-0.8894346822358716 0.8455870301120549,-0.9277173359845626 0.8455870301120549,-0.9277173359845626 0.8214221410392207))	0
2	21	POLYGON ((-0.8894346822358716 0.8214221410392207,-0.8511520284871807 0.8214221410392207,-0.8511520284871807 0.8455870301120549,-0.8894346822358716 0.8455870301120549,-0.8894346822358716 0.8214221410392207))	0
3	21	POLYGON ((-0.8511520284871807 0.8214221410392207,-0.8128693747384897 0.8214221410392207,-0.8128693747384897 0.8455870301120549,-0.8511520284871807 0.8455870301120549,-0.8511520284871807 0.8214221410392207))	0
4	21	POLYGON ((-0.8128693747384897 0.8214221410392207,-0.7745867209897987 0.8214221410392207,-0.7745867209897987 0.8455870301120549,-0.8128693747384897 0.8455870301120549,-0.8128693747384897 0.8214221410392207))	0
5	21	POLYGON ((-0.7745867209897987 0.8214221410392207,-0.7363040672411078 0.8214221410392207,-0.7363040672411078 0.8455870301120549,-0.7745867209897987 0.8455870301120549,-0.7745867209897987 0.8214221410392207))	0
6	21	POLYGON ((-0.7363040672411078 0.8214221410392207,-0.6980214134924169 0.8214221410392207,-0.6980214134924169 0.8455870301120549,-0.7363040672411078 0.8455870301120549,-0.7363040672411078 0.8214221410392207))	0
7	21	POLYGON ((-0.6980214134924169 0.8214221410392207,-0.6597387597437259 0.8214221410392207,-0.6597387597437259 0.8455870301120549,-0.6980214134924169 0.8455870301120549,-0.6980214134924169 0.8214221410392207))	0
8	21	POLYGON ((-0.6597387597437259 0.8214221410392207,-0.621456105995035 0.8214221410392207,-0.621456105995035 0.8455870301120549,-0.6597387597437259 0.8455870301120549,-0.6597387597437259 0.8214221410392207))	0
9	21	POLYGON ((-0.621456105995035 0.8214221410392207,-0.583173452246344 0.8214221410392207,-0.583173452246344 0.8455870301120549,-0.621456105995035 0.8455870301120549,-0.621456105995035 0.8214221410392207))	0
10	21	POLYGON ((-0.583173452246344 0.8214221410392207,-0.5448907984976531 0.8214221410392207,-0.5448907984976531 0.8455870301120549,-0.583173452246344 0.8455870301120549,-0.583173452246344 0.8214221410392207))	0
11	21	POLYGON ((-0.5448907984976531 0.8214221410392207,-0.5066081447489621 0.8214221410392207,-0.5066081447489621 0.8455870301120549,-0.5448907984976531 0.8455870301120549,-0.5448907984976531 0.8214221410392207))	0
12	21	POLYGON ((-0.5066081447489621 0.8214221410392207,-0.4683254910002712 0.8214221410392207,-0.4683254910002712 0.8455870301120549,-0.5066081447489621 0.8455870301120549,-0.5066081447489621 0.8214221410392207))	0
13	21	POLYGON ((-0.4683254910002712 0.8214221410392207,-0.4300428372515802 0.8214221410392207,-0.4300428372515802 0.8455870301120549,-0.4683254910002712 0.8455870301120549,-0.4683254910002712 0.8214221410392207))	0
14	21	POLYGON ((-0.4300428372515802 0.8214221410392207,-0.39176018350288927 0.8214221410392207,-0.39176018350288927 0.8455870301120549,-0.4300428372515802 0.8455870301120549,-0.4300428372515802 0.8214221410392207))	0
15	21	POLYGON ((-0.39176018350288927 0.8214221410392207,-0.3534775297541983 0.8214221410392207,-0.3534775297541983 0.8455870301120549,-0.39176018350288927 0.8455870301120549,-0.39176018350288927 0.8214221410392207))	0
16	21	POLYGON ((-0.3534775297541983 0.8214221410392207,-0.3151948760055074 0.8214221410392207,-0.3151948760055074 0.8455870301120549,-0.3534775297541983 0.8455870301120549,-0.3534775297541983 0.8214221410392207))	9
17	21	POLYGON ((-0.3151948760055074 0.8214221410392207,-0.27691222225681644 0.8214221410392207,-0.27691222225681644 0.8455870301120549,-0.3151948760055074 0.8455870301120549,-0.3151948760055074 0.8214221410392207))	224
18	21	POLYGON ((-0.27691222225681644 0.8214221410392207,-0.23862956850812547 0.8214221410392207,-0.23862956850812547 0.8455870301120549,-0.27691222225681644 0.8455870301120549,-0.27691222225681644 0.8214221410392207))	2083
19	21	POLYGON ((-0.23862956850812547 0.8214221410392207,-0.2003469147594345 0.8214221410392207,-0.2003469147594345 0.8455870301120549,-0.23862956850812547 0.8455870301120549,-0.23862956850812547 0.8214221410392207))	11072
20	21	POLYGON ((-0.2003469147594345 0.8214221410392207,-0.16206426101074356 0.8214221410392207,-0.16206426101074356 0.8455870301120549,-0.2003469147594345 0.8455870301120549,-0.2003469147594345 0.8214221410392207))	35406
21	21	POLYGON ((-0.16206426101074356 0.8214221410392207,-0.12378160726205262 0.8214221410392207,-0.12378160726205262 0.8455870301120549,-0.16206426101074356 0.8455870301120549,-0.16206426101074356 0.8214221410392207))	319999
22	21	POLYGON ((-0.12378160726205262 0.8214221410392207,-0.08549895351336165 0.8214221410392207,-0.08549895351336165 0.8455870301120549,-0.12378160726205262 0.8455870301120549,-0.12378160726205262 0.8214221410392207))	323418
23	21	POLYGON ((-0.08549895351336165 0.8214221410392207,-0.04721629976467073 0.8214221410392207,-0.04721629976467073 0.8455870301120549,-0.08549895351336165 0.8455870301120549,-0.08549895351336165 0.8214221410392207))	35595
24	21	POLYGON ((-0.04721629976467073 0.8214221410392207,-0.00893364601597979 0.8214221410392207,-0.00893364601597979 0.8455870301120549,-0.04721629976467073 0.8455870301120549,-0.04721629976467073 0.8214221410392207))	11482
25	21	POLYGON ((-0.00893364601597979 0.8214221410392207,0.02934900773271118 0.8214221410392207,0.02934900773271118 0.8455870301120549,-0.00893364601597979 0.8455870301120549,-0.00893364601597979 0.8214221410392207))	2077
26	21	POLYGON ((0.02934900773271118 0.8214221410392207,0.06763166148140212 0.8214221410392207,0.06763166148140212 0.8455870301120549,0.02934900773271118 0.8455870301120549,0.02934900773271118 0.8214221410392207))	184
27	21	POLYGON ((0.06763166148140212 0.8214221410392207,0.10591431523009305 0.8214221410392207,0.10591431523009305 0.8455870301120549,0.06763166148140212 0.8455870301120549,0.06763166148140212 0.8214221410392207))	8
28	21	POLYGON ((0.10591431523009305 0.8214221410392207,0.14419696897878403 0.8214221410392207,0.14419696897878403 0.8455870301120549,0.10591431523009305 0.8455870301120549,0.10591431523009305 0.8214221410392207))	0
29	21	POLYGON ((0.14419696897878403 0.8214221410392207,0.18247962272747495 0.8214221410392207,0.18247962272747495 0.8455870301120549,0.14419696897878403 0.8455870301120549,0.14419696897878403 0.8214221410392207))	0
30	21	POLYGON ((0.18247962272747495 0.8214221410392207,0.22076227647616592 0.8214221410392207,0.22076227647616592 0.8455870301120549,0.18247962272747495 0.8455870301120549,0.18247962272747495 0.8214221410392207))	0
31	21	POLYGON ((0.22076227647616592 0.8214221410392207,0.25904493022485686 0.8214221410392207,0.25904493022485686 0.8455870301120549,0.22076227647616592 0.8455870301120549,0.22076227647616592 0.8214221410392207))	0
0	22	POLYGON ((-0.9659999897332535 0.8455870301120549,-0.9277173359845626 0.8455870301120549,-0.9277173359845626 0.8697519191848891,-0.9659999897332535 0.8697519191848891,-0.9659999897332535 0.8455870301120549))	0
1	22	POLYGON ((-0.9277173359845626 0.8455870301120549,-0.8894346822358716 0.8455870301120549,-0.8894346822358716 0.8697519191848891,-0.9277173359845626 0.8697519191848891,-0.9277173359845626 0.8455870301120549))	0
2	22	POLYGON ((-0.8894346822358716 0.8455870301120549,-0.8511520284871807 0.8455870301120549,-0.8511520284871807 0.8697519191848891,-0.8894346822358716 0.8697519191848891,-0.8894346822358716 0.8455870301120549))	0
3	22	POLYGON ((-0.8511520284871807 0.8455870301120549,-0.8128693747384897 0.8455870301120549,-0.8128693747384897 0.8697519191848891,-0.8511520284871807 0.8697519191848891,-0.8511520284871807 0.8455870301120549))	0
4	22	POLYGON ((-0.8128693747384897 0.8455870301120549,-0.7745867209897987 0.8455870301120549,-0.7745867209897987 0.8697519191848891,-0.8128693747384897 0.8697519191848891,-0.8128693747384897 0.8455870301120549))	0
5	22	POLYGON ((-0.7745867209897987 0.8455870301120549,-0.7363040672411078 0.8455870301120549,-0.7363040672411078 0.8697519191848891,-0.7745867209897987 0.8697519191848891,-0.7745867209897987 0.8455870301120549))	0
6	22	POLYGON ((-0.7363040672411078 0.8455870301120549,-0.6980214134924169 0.8455870301120549,-0.6980214134924169 0.8697519191848891,-0.7363040672411078 0.8697519191848891,-0.7363040672411078 0.8455870301120549))	0
7	22	POLYGON ((-0.6980214134924169 0.8455870301120549,-0.6597387597437259 0.8455870301120549,-0.6597387597437259 0.8697519191848891,-0.6980214134924169 0.8697519191848891,-0.6980214134924169 0.8455870301120549))	0
8	22	POLYGON ((-0.6597387597437259 0.8455870301120549,-0.621456105995035 0.8455870301120549,-0.621456105995035 0.8697519191848891,-0.6597387597437259 0.8697519191848891,-0.6597387597437259 0.8455870301120549))	0
9	22	POLYGON ((-0.621456105995035 0.8455870301120549,-0.583173452246344 0.8455870301120549,-0.583173452246344 0.8697519191848891,-0.621456105995035 0.8697519191848891,-0.621456105995035 0.8455870301120549))	0
10	22	POLYGON ((-0.583173452246344 0.8455870301120549,-0.5448907984976531 0.8455870301120549,-0.5448907984976531 0.8697519191848891,-0.583173452246344 0.8697519191848891,-0.583173452246344 0.8455870301120549))	0
11	22	POLYGON ((-0.5448907984976531 0.8455870301120549,-0.5066081447489621 0.8455870301120549,-0.5066081447489621 0.8697519191848891,-0.5448907984976531 0.8697519191848891,-0.5448907984976531 0.8455870301120549))	0
12	22	POLYGON ((-0.5066081447489621 0.8455870301120549,-0.4683254910002712 0.8455870301120549,-0.4683254910002712 0.8697519191848891,-0.5066081447489621 0.8697519191848891,-0.5066081447489621 0.8455870301120549))	0
13	22	POLYGON ((-0.4683254910002712 0.8455870301120549,-0.4300428372515802 0.8455870301120549,-0.4300428372515802 0.8697519191848891,-0.4683254910002712 0.8697519191848891,-0.4683254910002712 0.8455870301120549))	0
14	22	POLYGON ((-0.4300428372515802 0.8455870301120549,-0.39176018350288927 0.8455870301120549,-0.39176018350288927 0.8697519191848891,-0.4300428372515802 0.8697519191848891,-0.4300428372515802 0.8455870301120549))	0
15	22	POLYGON ((-0.39176018350288927 0.8455870301120549,-0.3534775297541983 0.8455870301120549,-0.3534775297541983 0.8697519191848891,-0.39176018350288927 0.8697519191848891,-0.39176018350288927 0.8455870301120549))	0
16	22	POLYGON ((-0.3534775297541983 0.8455870301120549,-0.3151948760055074 0.8455870301120549,-0.3151948760055074 0.8697519191848891,-0.3534775297541983 0.8697519191848891,-0.3534775297541983 0.8455870301120549))	0
17	22	POLYGON ((-0.3151948760055074 0.8455870301120549,-0.27691222225681644 0.8455870301120549,-0.27691222225681644 0.8697519191848891,-0.3151948760055074 0.8697519191848891,-0.3151948760055074 0.8455870301120549))	8
18	22	POLYGON ((-0.27691222225681644 0.8455870301120549,-0.23862956850812547 0.8455870301120549,-0.23862956850812547 0.8697519191848891,-0.27691222225681644 0.8697519191848891,-0.27691222225681644 0.8455870301120549))	156
19	22	POLYGON ((-0.23862956850812547 0.8455870301120549,-0.2003469147594345 0.8455870301120549,-0.2003469147594345 0.8697519191848891,-0.23862956850812547 0.8697519191848891,-0.23862956850812547 0.8455870301120549))	1662
20	22	POLYGON ((-0.2003469147594345 0.8455870301120549,-0.16206426101074356 0.8455870301120549,-0.16206426101074356 0.8697519191848891,-0.2003469147594345 0.8697519191848891,-0.2003469147594345 0.8455870301120549))	9831
21	22	POLYGON ((-0.16206426101074356 0.8455870301120549,-0.12378160726205262 0.8455870301120549,-0.12378160726205262 0.8697519191848891,-0.16206426101074356 0.8697519191848891,-0.16206426101074356 0.8455870301120549))	32606
22	22	POLYGON ((-0.12378160726205262 0.8455870301120549,-0.08549895351336165 0.8455870301120549,-0.08549895351336165 0.8697519191848891,-0.12378160726205262 0.8697519191848891,-0.12378160726205262 0.8455870301120549))	274023
23	22	POLYGON ((-0.08549895351336165 0.8455870301120549,-0.04721629976467073 0.8455870301120549,-0.04721629976467073 0.8697519191848891,-0.08549895351336165 0.8697519191848891,-0.08549895351336165 0.8455870301120549))	369578
24	22	POLYGON ((-0.04721629976467073 0.8455870301120549,-0.00893364601597979 0.8455870301120549,-0.00893364601597979 0.8697519191848891,-0.04721629976467073 0.8697519191848891,-0.04721629976467073 0.8455870301120549))	38437
25	22	POLYGON ((-0.00893364601597979 0.8455870301120549,0.02934900773271118 0.8455870301120549,0.02934900773271118 0.8697519191848891,-0.00893364601597979 0.8697519191848891,-0.00893364601597979 0.8455870301120549))	12975
26	22	POLYGON ((0.02934900773271118 0.8455870301120549,0.06763166148140212 0.8455870301120549,0.06763166148140212 0.8697519191848891,0.02934900773271118 0.8697519191848891,0.02934900773271118 0.8455870301120549))	2349
27	22	POLYGON ((0.06763166148140212 0.8455870301120549,0.10591431523009305 0.8455870301120549,0.10591431523009305 0.8697519191848891,0.06763166148140212 0.8697519191848891,0.06763166148140212 0.8455870301120549))	269
28	22	POLYGON ((0.10591431523009305 0.8455870301120549,0.14419696897878403 0.8455870301120549,0.14419696897878403 0.8697519191848891,0.10591431523009305 0.8697519191848891,0.10591431523009305 0.8455870301120549))	18
29	22	POLYGON ((0.14419696897878403 0.8455870301120549,0.18247962272747495 0.8455870301120549,0.18247962272747495 0.8697519191848891,0.14419696897878403 0.8697519191848891,0.14419696897878403 0.8455870301120549))	1
30	22	POLYGON ((0.18247962272747495 0.8455870301120549,0.22076227647616592 0.8455870301120549,0.22076227647616592 0.8697519191848891,0.18247962272747495 0.8697519191848891,0.18247962272747495 0.8455870301120549))	0
31	22	POLYGON ((0.22076227647616592 0.8455870301120549,0.25904493022485686 0.8455870301120549,0.25904493022485686 0.8697519191848891,0.22076227647616592 0.8697519191848891,0.22076227647616592 0.8455870301120549))	0
0	23	POLYGON ((-0.9659999897332535 0.8697519191848891,-0.9277173359845626 0.8697519191848891,-0.9277173359845626 0.8939168082577235,-0.9659999897332535 0.8939168082577235,-0.9659999897332535 0.8697519191848891))	0
1	23	POLYGON ((-0.9277173359845626 0.8697519191848891,-0.8894346822358716 0.8697519191848891,-0.8894346822358716 0.8939168082577235,-0.9277173359845626 0.8939168082577235,-0.9277173359845626 0.8697519191848891))	0
2	23	POLYGON ((-0.8894346822358716 0.8697519191848891,-0.8511520284871807 0.8697519191848891,-0.8511520284871807 0.8939168082577235,-0.8894346822358716 0.8939168082577235,-0.8894346822358716 0.8697519191848891))	0
3	23	POLYGON ((-0.8511520284871807 0.8697519191848891,-0.8128693747384897 0.8697519191848891,-0.8128693747384897 0.8939168082577235,-0.8511520284871807 0.8939168082577235,-0.8511520284871807 0.8697519191848891))	0
4	23	POLYGON ((-0.8128693747384897 0.8697519191848891,-0.7745867209897987 0.8697519191848891,-0.7745867209897987 0.8939168082577235,-0.8128693747384897 0.8939168082577235,-0.8128693747384897 0.8697519191848891))	0
5	23	POLYGON ((-0.7745867209897987 0.8697519191848891,-0.7363040672411078 0.8697519191848891,-0.7363040672411078 0.8939168082577235,-0.7745867209897987 0.8939168082577235,-0.7745867209897987 0.8697519191848891))	0
6	23	POLYGON ((-0.7363040672411078 0.8697519191848891,-0.6980214134924169 0.8697519191848891,-0.6980214134924169 0.8939168082577235,-0.7363040672411078 0.8939168082577235,-0.7363040672411078 0.8697519191848891))	0
7	23	POLYGON ((-0.6980214134924169 0.8697519191848891,-0.6597387597437259 0.8697519191848891,-0.6597387597437259 0.8939168082577235,-0.6980214134924169 0.8939168082577235,-0.6980214134924169 0.8697519191848891))	0
8	23	POLYGON ((-0.6597387597437259 0.8697519191848891,-0.621456105995035 0.8697519191848891,-0.621456105995035 0.8939168082577235,-0.6597387597437259 0.8939168082577235,-0.6597387597437259 0.8697519191848891))	0
9	23	POLYGON ((-0.621456105995035 0.8697519191848891,-0.583173452246344 0.8697519191848891,-0.583173452246344 0.8939168082577235,-0.621456105995035 0.8939168082577235,-0.621456105995035 0.8697519191848891))	0
10	23	POLYGON ((-0.583173452246344 0.8697519191848891,-0.5448907984976531 0.8697519191848891,-0.5448907984976531 0.8939168082577235,-0.583173452246344 0.8939168082577235,-0.583173452246344 0.8697519191848891))	0
11	23	POLYGON ((-0.5448907984976531 0.8697519191848891,-0.5066081447489621 0.8697519191848891,-0.5066081447489621 0.8939168082577235,-0.5448907984976531 0.8939168082577235,-0.5448907984976531 0.8697519191848891))	0
12	23	POLYGON ((-0.5066081447489621 0.8697519191848891,-0.4683254910002712 0.8697519191848891,-0.4683254910002712 0.8939168082577235,-0.5066081447489621 0.8939168082577235,-0.5066081447489621 0.8697519191848891))	0
13	23	POLYGON ((-0.4683254910002712 0.8697519191848891,-0.4300428372515802 0.8697519191848891,-0.4300428372515802 0.8939168082577235,-0.4683254910002712 0.8939168082577235,-0.4683254910002712 0.8697519191848891))	0
14	23	POLYGON ((-0.4300428372515802 0.8697519191848891,-0.39176018350288927 0.8697519191848891,-0.39176018350288927 0.8939168082577235,-0.4300428372515802 0.8939168082577235,-0.4300428372515802 0.8697519191848891))	0
15	23	POLYGON ((-0.39176018350288927 0.8697519191848891,-0.3534775297541983 0.8697519191848891,-0.3534775297541983 0.8939168082577235,-0.39176018350288927 0.8939168082577235,-0.39176018350288927 0.8697519191848891))	0
16	23	POLYGON ((-0.3534775297541983 0.8697519191848891,-0.3151948760055074 0.8697519191848891,-0.3151948760055074 0.8939168082577235,-0.3534775297541983 0.8939168082577235,-0.3534775297541983 0.8697519191848891))	0
17	23	POLYGON ((-0.3151948760055074 0.8697519191848891,-0.27691222225681644 0.8697519191848891,-0.27691222225681644 0.8939168082577235,-0.3151948760055074 0.8939168082577235,-0.3151948760055074 0.8697519191848891))	0
18	23	POLYGON ((-0.27691222225681644 0.8697519191848891,-0.23862956850812547 0.8697519191848891,-0.23862956850812547 0.8939168082577235,-0.27691222225681644 0.8939168082577235,-0.27691222225681644 0.8697519191848891))	4
19	23	POLYGON ((-0.23862956850812547 0.8697519191848891,-0.2003469147594345 0.8697519191848891,-0.2003469147594345 0.8939168082577235,-0.23862956850812547 0.8939168082577235,-0.23862956850812547 0.8697519191848891))	107
20	23	POLYGON ((-0.2003469147594345 0.8697519191848891,-0.16206426101074356 0.8697519191848891,-0.16206426101074356 0.8939168082577235,-0.2003469147594345 0.8939168082577235,-0.2003469147594345 0.8697519191848891))	1344
21	23	POLYGON ((-0.16206426101074356 0.8697519191848891,-0.12378160726205262 0.8697519191848891,-0.12378160726205262 0.8939168082577235,-0.16206426101074356 0.8939168082577235,-0.16206426101074356 0.8697519191848891))	8473
22	23	POLYGON ((-0.12378160726205262 0.8697519191848891,-0.08549895351336165 0.8697519191848891,-0.08549895351336165 0.8939168082577235,-0.12378160726205262 0.8939168082577235,-0.12378160726205262 0.8697519191848891))	29497
23	23	POLYGON ((-0.08549895351336165 0.8697519191848891,-0.04721629976467073 0.8697519191848891,-0.04721629976467073 0.8939168082577235,-0.08549895351336165 0.8939168082577235,-0.08549895351336165 0.8697519191848891))	228015
24	23	POLYGON ((-0.04721629976467073 0.8697519191848891,-0.00893364601597979 0.8697519191848891,-0.00893364601597979 0.8939168082577235,-0.04721629976467073 0.8939168082577235,-0.04721629976467073 0.8697519191848891))	413987
25	23	POLYGON ((-0.00893364601597979 0.8697519191848891,0.02934900773271118 0.8697519191848891,0.02934900773271118 0.8939168082577235,-0.00893364601597979 0.8939168082577235,-0.00893364601597979 0.8697519191848891))	40950
26	23	POLYGON ((0.02934900773271118 0.8697519191848891,0.06763166148140212 0.8697519191848891,0.06763166148140212 0.8939168082577235,0.02934900773271118 0.8939168082577235,0.02934900773271118 0.8697519191848891))	14674
27	23	POLYGON ((0.06763166148140212 0.8697519191848891,0.10591431523009305 0.8697519191848891,0.10591431523009305 0.8939168082577235,0.06763166148140212 0.8939168082577235,0.06763166148140212 0.8697519191848891))	2956
28	23	POLYGON ((0.10591431523009305 0.8697519191848891,0.14419696897878403 0.8697519191848891,0.14419696897878403 0.8939168082577235,0.10591431523009305 0.8939168082577235,0.10591431523009305 0.8697519191848891))	325
29	23	POLYGON ((0.14419696897878403 0.8697519191848891,0.18247962272747495 0.8697519191848891,0.18247962272747495 0.8939168082577235,0.14419696897878403 0.8939168082577235,0.14419696897878403 0.8697519191848891))	25
30	23	POLYGON ((0.18247962272747495 0.8697519191848891,0.22076227647616592 0.8697519191848891,0.22076227647616592 0.8939168082577235,0.18247962272747495 0.8939168082577235,0.18247962272747495 0.8697519191848891))	2
31	23	POLYGON ((0.22076227647616592 0.8697519191848891,0.25904493022485686 0.8697519191848891,0.25904493022485686 0.8939168082577235,0.22076227647616592 0.8939168082577235,0.22076227647616592 0.8697519191848891))	0
0	24	POLYGON ((-0.9659999897332535 0.8939168082577235,-0.9277173359845626 0.8939168082577235,-0.9277173359845626 0.9180816973305578,-0.9659999897332535 0.9180816973305578,-0.9659999897332535 0.8939168082577235))	0
1	24	POLYGON ((-0.9277173359845626 0.8939168082577235,-0.8894346822358716 0.8939168082577235,-0.8894346822358716 0.9180816973305578,-0.9277173359845626 0.9180816973305578,-0.9277173359845626 0.8939168082577235))	0
2	24	POLYGON ((-0.8894346822358716 0.8939168082577235,-0.8511520284871807 0.8939168082577235,-0.8511520284871807 0.9180816973305578,-0.8894346822358716 0.9180816973305578,-0.8894346822358716 0.8939168082577235))	0
3	24	POLYGON ((-0.8511520284871807 0.8939168082577235,-0.8128693747384897 0.8939168082577235,-0.8128693747384897 0.9180816973305578,-0.8511520284871807 0.9180816973305578,-0.8511520284871807 0.8939168082577235))	0
4	24	POLYGON ((-0.8128693747384897 0.8939168082577235,-0.7745867209897987 0.8939168082577235,-0.7745867209897987 0.9180816973305578,-0.8128693747384897 0.9180816973305578,-0.8128693747384897 0.8939168082577235))	0
5	24	POLYGON ((-0.7745867209897987 0.8939168082577235,-0.7363040672411078 0.8939168082577235,-0.7363040672411078 0.9180816973305578,-0.7745867209897987 0.9180816973305578,-0.7745867209897987 0.8939168082577235))	0
6	24	POLYGON ((-0.7363040672411078 0.8939168082577235,-0.6980214134924169 0.8939168082577235,-0.6980214134924169 0.9180816973305578,-0.7363040672411078 0.9180816973305578,-0.7363040672411078 0.8939168082577235))	0
7	24	POLYGON ((-0.6980214134924169 0.8939168082577235,-0.6597387597437259 0.8939168082577235,-0.6597387597437259 0.9180816973305578,-0.6980214134924169 0.9180816973305578,-0.6980214134924169 0.8939168082577235))	0
8	24	POLYGON ((-0.6597387597437259 0.8939168082577235,-0.621456105995035 0.8939168082577235,-0.621456105995035 0.9180816973305578,-0.6597387597437259 0.9180816973305578,-0.6597387597437259 0.8939168082577235))	0
9	24	POLYGON ((-0.621456105995035 0.8939168082577235,-0.583173452246344 0.8939168082577235,-0.583173452246344 0.9180816973305578,-0.621456105995035 0.9180816973305578,-0.621456105995035 0.8939168082577235))	0
10	24	POLYGON ((-0.583173452246344 0.8939168082577235,-0.5448907984976531 0.8939168082577235,-0.5448907984976531 0.9180816973305578,-0.583173452246344 0.9180816973305578,-0.583173452246344 0.8939168082577235))	0
11	24	POLYGON ((-0.5448907984976531 0.8939168082577235,-0.5066081447489621 0.8939168082577235,-0.5066081447489621 0.9180816973305578,-0.5448907984976531 0.9180816973305578,-0.5448907984976531 0.8939168082577235))	0
12	24	POLYGON ((-0.5066081447489621 0.8939168082577235,-0.4683254910002712 0.8939168082577235,-0.4683254910002712 0.9180816973305578,-0.5066081447489621 0.9180816973305578,-0.5066081447489621 0.8939168082577235))	0
13	24	POLYGON ((-0.4683254910002712 0.8939168082577235,-0.4300428372515802 0.8939168082577235,-0.4300428372515802 0.9180816973305578,-0.4683254910002712 0.9180816973305578,-0.4683254910002712 0.8939168082577235))	0
14	24	POLYGON ((-0.4300428372515802 0.8939168082577235,-0.39176018350288927 0.8939168082577235,-0.39176018350288927 0.9180816973305578,-0.4300428372515802 0.9180816973305578,-0.4300428372515802 0.8939168082577235))	0
15	24	POLYGON ((-0.39176018350288927 0.8939168082577235,-0.3534775297541983 0.8939168082577235,-0.3534775297541983 0.9180816973305578,-0.39176018350288927 0.9180816973305578,-0.39176018350288927 0.8939168082577235))	0
16	24	POLYGON ((-0.3534775297541983 0.8939168082577235,-0.3151948760055074 0.8939168082577235,-0.3151948760055074 0.9180816973305578,-0.3534775297541983 0.9180816973305578,-0.3534775297541983 0.8939168082577235))	0
17	24	POLYGON ((-0.3151948760055074 0.8939168082577235,-0.27691222225681644 0.8939168082577235,-0.27691222225681644 0.9180816973305578,-0.3151948760055074 0.9180816973305578,-0.3151948760055074 0.8939168082577235))	0
18	24	POLYGON ((-0.27691222225681644 0.8939168082577235,-0.23862956850812547 0.8939168082577235,-0.23862956850812547 0.9180816973305578,-0.27691222225681644 0.9180816973305578,-0.27691222225681644 0.8939168082577235))	0
19	24	POLYGON ((-0.23862956850812547 0.8939168082577235,-0.2003469147594345 0.8939168082577235,-0.2003469147594345 0.9180816973305578,-0.23862956850812547 0.9180816973305578,-0.23862956850812547 0.8939168082577235))	2
20	24	POLYGON ((-0.2003469147594345 0.8939168082577235,-0.16206426101074356 0.8939168082577235,-0.16206426101074356 0.9180816973305578,-0.2003469147594345 0.9180816973305578,-0.2003469147594345 0.8939168082577235))	101
21	24	POLYGON ((-0.16206426101074356 0.8939168082577235,-0.12378160726205262 0.8939168082577235,-0.12378160726205262 0.9180816973305578,-0.16206426101074356 0.9180816973305578,-0.16206426101074356 0.8939168082577235))	1150
22	24	POLYGON ((-0.12378160726205262 0.8939168082577235,-0.08549895351336165 0.8939168082577235,-0.08549895351336165 0.9180816973305578,-0.12378160726205262 0.9180816973305578,-0.12378160726205262 0.8939168082577235))	7344
23	24	POLYGON ((-0.08549895351336165 0.8939168082577235,-0.04721629976467073 0.8939168082577235,-0.04721629976467073 0.9180816973305578,-0.08549895351336165 0.9180816973305578,-0.08549895351336165 0.8939168082577235))	27071
24	24	POLYGON ((-0.04721629976467073 0.8939168082577235,-0.00893364601597979 0.8939168082577235,-0.00893364601597979 0.9180816973305578,-0.04721629976467073 0.9180816973305578,-0.04721629976467073 0.8939168082577235))	181294
25	24	POLYGON ((-0.00893364601597979 0.8939168082577235,0.02934900773271118 0.8939168082577235,0.02934900773271118 0.9180816973305578,-0.00893364601597979 0.9180816973305578,-0.00893364601597979 0.8939168082577235))	460150
26	24	POLYGON ((0.02934900773271118 0.8939168082577235,0.06763166148140212 0.8939168082577235,0.06763166148140212 0.9180816973305578,0.02934900773271118 0.9180816973305578,0.02934900773271118 0.8939168082577235))	44353
27	24	POLYGON ((0.06763166148140212 0.8939168082577235,0.10591431523009305 0.8939168082577235,0.10591431523009305 0.9180816973305578,0.06763166148140212 0.9180816973305578,0.06763166148140212 0.8939168082577235))	16460
28	24	POLYGON ((0.10591431523009305 0.8939168082577235,0.14419696897878403 0.8939168082577235,0.14419696897878403 0.9180816973305578,0.10591431523009305 0.9180816973305578,0.10591431523009305 0.8939168082577235))	3467
29	24	POLYGON ((0.14419696897878403 0.8939168082577235,0.18247962272747495 0.8939168082577235,0.18247962272747495 0.9180816973305578,0.14419696897878403 0.9180816973305578,0.14419696897878403 0.8939168082577235))	416
30	24	POLYGON ((0.18247962272747495 0.8939168082577235,0.22076227647616592 0.8939168082577235,0.22076227647616592 0.9180816973305578,0.18247962272747495 0.9180816973305578,0.18247962272747495 0.8939168082577235))	34
31	24	POLYGON ((0.22076227647616592 0.8939168082577235,0.25904493022485686 0.8939168082577235,0.25904493022485686 0.9180816973305578,0.22076227647616592 0.9180816973305578,0.22076227647616592 0.8939168082577235))	0
0	25	POLYGON ((-0.9659999897332535 0.9180816973305578,-0.9277173359845626 0.9180816973305578,-0.9277173359845626 0.942246586403392,-0.9659999897332535 0.942246586403392,-0.9659999897332535 0.9180816973305578))	0
1	25	POLYGON ((-0.9277173359845626 0.9180816973305578,-0.8894346822358716 0.9180816973305578,-0.8894346822358716 0.942246586403392,-0.9277173359845626 0.942246586403392,-0.9277173359845626 0.9180816973305578))	0
2	25	POLYGON ((-0.8894346822358716 0.9180816973305578,-0.8511520284871807 0.9180816973305578,-0.8511520284871807 0.942246586403392,-0.8894346822358716 0.942246586403392,-0.8894346822358716 0.9180816973305578))	0
3	25	POLYGON ((-0.8511520284871807 0.9180816973305578,-0.8128693747384897 0.9180816973305578,-0.8128693747384897 0.942246586403392,-0.8511520284871807 0.942246586403392,-0.8511520284871807 0.9180816973305578))	0
4	25	POLYGON ((-0.8128693747384897 0.9180816973305578,-0.7745867209897987 0.9180816973305578,-0.7745867209897987 0.942246586403392,-0.8128693747384897 0.942246586403392,-0.8128693747384897 0.9180816973305578))	0
5	25	POLYGON ((-0.7745867209897987 0.9180816973305578,-0.7363040672411078 0.9180816973305578,-0.7363040672411078 0.942246586403392,-0.7745867209897987 0.942246586403392,-0.7745867209897987 0.9180816973305578))	0
6	25	POLYGON ((-0.7363040672411078 0.9180816973305578,-0.6980214134924169 0.9180816973305578,-0.6980214134924169 0.942246586403392,-0.7363040672411078 0.942246586403392,-0.7363040672411078 0.9180816973305578))	0
7	25	POLYGON ((-0.6980214134924169 0.9180816973305578,-0.6597387597437259 0.9180816973305578,-0.6597387597437259 0.942246586403392,-0.6980214134924169 0.942246586403392,-0.6980214134924169 0.9180816973305578))	0
8	25	POLYGON ((-0.6597387597437259 0.9180816973305578,-0.621456105995035 0.9180816973305578,-0.621456105995035 0.942246586403392,-0.6597387597437259 0.942246586403392,-0.6597387597437259 0.9180816973305578))	0
9	25	POLYGON ((-0.621456105995035 0.9180816973305578,-0.583173452246344 0.9180816973305578,-0.583173452246344 0.942246586403392,-0.621456105995035 0.942246586403392,-0.621456105995035 0.9180816973305578))	0
10	25	POLYGON ((-0.583173452246344 0.9180816973305578,-0.5448907984976531 0.9180816973305578,-0.5448907984976531 0.942246586403392,-0.583173452246344 0.942246586403392,-0.583173452246344 0.9180816973305578))	0
11	25	POLYGON ((-0.5448907984976531 0.9180816973305578,-0.5066081447489621 0.9180816973305578,-0.5066081447489621 0.942246586403392,-0.5448907984976531 0.942246586403392,-0.5448907984976531 0.9180816973305578))	0
12	25	POLYGON ((-0.5066081447489621 0.9180816973305578,-0.4683254910002712 0.9180816973305578,-0.4683254910002712 0.942246586403392,-0.5066081447489621 0.942246586403392,-0.5066081447489621 0.9180816973305578))	0
13	25	POLYGON ((-0.4683254910002712 0.9180816973305578,-0.4300428372515802 0.9180816973305578,-0.4300428372515802 0.942246586403392,-0.4683254910002712 0.942246586403392,-0.4683254910002712 0.9180816973305578))	0
14	25	POLYGON ((-0.4300428372515802 0.9180816973305578,-0.39176018350288927 0.9180816973305578,-0.39176018350288927 0.942246586403392,-0.4300428372515802 0.942246586403392,-0.4300428372515802 0.9180816973305578))	0
15	25	POLYGON ((-0.39176018350288927 0.9180816973305578,-0.3534775297541983 0.9180816973305578,-0.3534775297541983 0.942246586403392,-0.39176018350288927 0.942246586403392,-0.39176018350288927 0.9180816973305578))	0
16	25	POLYGON ((-0.3534775297541983 0.9180816973305578,-0.3151948760055074 0.9180816973305578,-0.3151948760055074 0.942246586403392,-0.3534775297541983 0.942246586403392,-0.3534775297541983 0.9180816973305578))	0
17	25	POLYGON ((-0.3151948760055074 0.9180816973305578,-0.27691222225681644 0.9180816973305578,-0.27691222225681644 0.942246586403392,-0.3151948760055074 0.942246586403392,-0.3151948760055074 0.9180816973305578))	0
18	25	POLYGON ((-0.27691222225681644 0.9180816973305578,-0.23862956850812547 0.9180816973305578,-0.23862956850812547 0.942246586403392,-0.27691222225681644 0.942246586403392,-0.27691222225681644 0.9180816973305578))	0
19	25	POLYGON ((-0.23862956850812547 0.9180816973305578,-0.2003469147594345 0.9180816973305578,-0.2003469147594345 0.942246586403392,-0.23862956850812547 0.942246586403392,-0.23862956850812547 0.9180816973305578))	0
20	25	POLYGON ((-0.2003469147594345 0.9180816973305578,-0.16206426101074356 0.9180816973305578,-0.16206426101074356 0.942246586403392,-0.2003469147594345 0.942246586403392,-0.2003469147594345 0.9180816973305578))	7
21	25	POLYGON ((-0.16206426101074356 0.9180816973305578,-0.12378160726205262 0.9180816973305578,-0.12378160726205262 0.942246586403392,-0.16206426101074356 0.942246586403392,-0.16206426101074356 0.9180816973305578))	84
22	25	POLYGON ((-0.12378160726205262 0.9180816973305578,-0.08549895351336165 0.9180816973305578,-0.08549895351336165 0.942246586403392,-0.12378160726205262 0.942246586403392,-0.12378160726205262 0.9180816973305578))	874
23	25	POLYGON ((-0.08549895351336165 0.9180816973305578,-0.04721629976467073 0.9180816973305578,-0.04721629976467073 0.942246586403392,-0.08549895351336165 0.942246586403392,-0.08549895351336165 0.9180816973305578))	6286
24	25	POLYGON ((-0.04721629976467073 0.9180816973305578,-0.00893364601597979 0.9180816973305578,-0.00893364601597979 0.942246586403392,-0.04721629976467073 0.942246586403392,-0.04721629976467073 0.9180816973305578))	24598
25	25	POLYGON ((-0.00893364601597979 0.9180816973305578,0.02934900773271118 0.9180816973305578,0.02934900773271118 0.942246586403392,-0.00893364601597979 0.942246586403392,-0.00893364601597979 0.9180816973305578))	133729
26	25	POLYGON ((0.02934900773271118 0.9180816973305578,0.06763166148140212 0.9180816973305578,0.06763166148140212 0.942246586403392,0.02934900773271118 0.942246586403392,0.02934900773271118 0.9180816973305578))	505193
27	25	POLYGON ((0.06763166148140212 0.9180816973305578,0.10591431523009305 0.9180816973305578,0.10591431523009305 0.942246586403392,0.06763166148140212 0.942246586403392,0.06763166148140212 0.9180816973305578))	46482
28	25	POLYGON ((0.10591431523009305 0.9180816973305578,0.14419696897878403 0.9180816973305578,0.14419696897878403 0.942246586403392,0.10591431523009305 0.942246586403392,0.10591431523009305 0.9180816973305578))	18655
29	25	POLYGON ((0.14419696897878403 0.9180816973305578,0.18247962272747495 0.9180816973305578,0.18247962272747495 0.942246586403392,0.14419696897878403 0.942246586403392,0.14419696897878403 0.9180816973305578))	4151
30	25	POLYGON ((0.18247962272747495 0.9180816973305578,0.22076227647616592 0.9180816973305578,0.22076227647616592 0.942246586403392,0.18247962272747495 0.942246586403392,0.18247962272747495 0.9180816973305578))	503
31	25	POLYGON ((0.22076227647616592 0.9180816973305578,0.25904493022485686 0.9180816973305578,0.25904493022485686 0.942246586403392,0.22076227647616592 0.942246586403392,0.22076227647616592 0.9180816973305578))	15
0	26	POLYGON ((-0.9659999897332535 0.942246586403392,-0.9277173359845626 0.942246586403392,-0.9277173359845626 0.9664114754762261,-0.9659999897332535 0.9664114754762261,-0.9659999897332535 0.942246586403392))	0
1	26	POLYGON ((-0.9277173359845626 0.942246586403392,-0.8894346822358716 0.942246586403392,-0.8894346822358716 0.9664114754762261,-0.9277173359845626 0.9664114754762261,-0.9277173359845626 0.942246586403392))	0
2	26	POLYGON ((-0.8894346822358716 0.942246586403392,-0.8511520284871807 0.942246586403392,-0.8511520284871807 0.9664114754762261,-0.8894346822358716 0.9664114754762261,-0.8894346822358716 0.942246586403392))	0
3	26	POLYGON ((-0.8511520284871807 0.942246586403392,-0.8128693747384897 0.942246586403392,-0.8128693747384897 0.9664114754762261,-0.8511520284871807 0.9664114754762261,-0.8511520284871807 0.942246586403392))	0
4	26	POLYGON ((-0.8128693747384897 0.942246586403392,-0.7745867209897987 0.942246586403392,-0.7745867209897987 0.9664114754762261,-0.8128693747384897 0.9664114754762261,-0.8128693747384897 0.942246586403392))	0
5	26	POLYGON ((-0.7745867209897987 0.942246586403392,-0.7363040672411078 0.942246586403392,-0.7363040672411078 0.9664114754762261,-0.7745867209897987 0.9664114754762261,-0.7745867209897987 0.942246586403392))	0
6	26	POLYGON ((-0.7363040672411078 0.942246586403392,-0.6980214134924169 0.942246586403392,-0.6980214134924169 0.9664114754762261,-0.7363040672411078 0.9664114754762261,-0.7363040672411078 0.942246586403392))	0
7	26	POLYGON ((-0.6980214134924169 0.942246586403392,-0.6597387597437259 0.942246586403392,-0.6597387597437259 0.9664114754762261,-0.6980214134924169 0.9664114754762261,-0.6980214134924169 0.942246586403392))	0
8	26	POLYGON ((-0.6597387597437259 0.942246586403392,-0.621456105995035 0.942246586403392,-0.621456105995035 0.9664114754762261,-0.6597387597437259 0.9664114754762261,-0.6597387597437259 0.942246586403392))	0
9	26	POLYGON ((-0.621456105995035 0.942246586403392,-0.583173452246344 0.942246586403392,-0.583173452246344 0.9664114754762261,-0.621456105995035 0.9664114754762261,-0.621456105995035 0.942246586403392))	0
10	26	POLYGON ((-0.583173452246344 0.942246586403392,-0.5448907984976531 0.942246586403392,-0.5448907984976531 0.9664114754762261,-0.583173452246344 0.9664114754762261,-0.583173452246344 0.942246586403392))	0
11	26	POLYGON ((-0.5448907984976531 0.942246586403392,-0.5066081447489621 0.942246586403392,-0.5066081447489621 0.9664114754762261,-0.5448907984976531 0.9664114754762261,-0.5448907984976531 0.942246586403392))	0
12	26	POLYGON ((-0.5066081447489621 0.942246586403392,-0.4683254910002712 0.942246586403392,-0.4683254910002712 0.9664114754762261,-0.5066081447489621 0.9664114754762261,-0.5066081447489621 0.942246586403392))	0
13	26	POLYGON ((-0.4683254910002712 0.942246586403392,-0.4300428372515802 0.942246586403392,-0.4300428372515802 0.9664114754762261,-0.4683254910002712 0.9664114754762261,-0.4683254910002712 0.942246586403392))	0
14	26	POLYGON ((-0.4300428372515802 0.942246586403392,-0.39176018350288927 0.942246586403392,-0.39176018350288927 0.9664114754762261,-0.4300428372515802 0.9664114754762261,-0.4300428372515802 0.942246586403392))	0
15	26	POLYGON ((-0.39176018350288927 0.942246586403392,-0.3534775297541983 0.942246586403392,-0.3534775297541983 0.9664114754762261,-0.39176018350288927 0.9664114754762261,-0.39176018350288927 0.942246586403392))	0
16	26	POLYGON ((-0.3534775297541983 0.942246586403392,-0.3151948760055074 0.942246586403392,-0.3151948760055074 0.9664114754762261,-0.3534775297541983 0.9664114754762261,-0.3534775297541983 0.942246586403392))	0
17	26	POLYGON ((-0.3151948760055074 0.942246586403392,-0.27691222225681644 0.942246586403392,-0.27691222225681644 0.9664114754762261,-0.3151948760055074 0.9664114754762261,-0.3151948760055074 0.942246586403392))	0
18	26	POLYGON ((-0.27691222225681644 0.942246586403392,-0.23862956850812547 0.942246586403392,-0.23862956850812547 0.9664114754762261,-0.27691222225681644 0.9664114754762261,-0.27691222225681644 0.942246586403392))	0
19	26	POLYGON ((-0.23862956850812547 0.942246586403392,-0.2003469147594345 0.942246586403392,-0.2003469147594345 0.9664114754762261,-0.23862956850812547 0.9664114754762261,-0.23862956850812547 0.942246586403392))	0
20	26	POLYGON ((-0.2003469147594345 0.942246586403392,-0.16206426101074356 0.942246586403392,-0.16206426101074356 0.9664114754762261,-0.2003469147594345 0.9664114754762261,-0.2003469147594345 0.942246586403392))	0
21	26	POLYGON ((-0.16206426101074356 0.942246586403392,-0.12378160726205262 0.942246586403392,-0.12378160726205262 0.9664114754762261,-0.16206426101074356 0.9664114754762261,-0.16206426101074356 0.942246586403392))	3
22	26	POLYGON ((-0.12378160726205262 0.942246586403392,-0.08549895351336165 0.942246586403392,-0.08549895351336165 0.9664114754762261,-0.12378160726205262 0.9664114754762261,-0.12378160726205262 0.942246586403392))	65
23	26	POLYGON ((-0.08549895351336165 0.942246586403392,-0.04721629976467073 0.942246586403392,-0.04721629976467073 0.9664114754762261,-0.08549895351336165 0.9664114754762261,-0.08549895351336165 0.942246586403392))	772
24	26	POLYGON ((-0.04721629976467073 0.942246586403392,-0.00893364601597979 0.942246586403392,-0.00893364601597979 0.9664114754762261,-0.04721629976467073 0.9664114754762261,-0.04721629976467073 0.942246586403392))	5418
25	26	POLYGON ((-0.00893364601597979 0.942246586403392,0.02934900773271118 0.942246586403392,0.02934900773271118 0.9664114754762261,-0.00893364601597979 0.9664114754762261,-0.00893364601597979 0.942246586403392))	22222
26	26	POLYGON ((0.02934900773271118 0.942246586403392,0.06763166148140212 0.942246586403392,0.06763166148140212 0.9664114754762261,0.02934900773271118 0.9664114754762261,0.02934900773271118 0.942246586403392))	86932
27	26	POLYGON ((0.06763166148140212 0.942246586403392,0.10591431523009305 0.942246586403392,0.10591431523009305 0.9664114754762261,0.06763166148140212 0.9664114754762261,0.06763166148140212 0.942246586403392))	541431
28	26	POLYGON ((0.10591431523009305 0.942246586403392,0.14419696897878403 0.942246586403392,0.14419696897878403 0.9664114754762261,0.10591431523009305 0.9664114754762261,0.10591431523009305 0.942246586403392))	58219
29	26	POLYGON ((0.14419696897878403 0.942246586403392,0.18247962272747495 0.942246586403392,0.18247962272747495 0.9664114754762261,0.14419696897878403 0.9664114754762261,0.14419696897878403 0.942246586403392))	20801
30	26	POLYGON ((0.18247962272747495 0.942246586403392,0.22076227647616592 0.942246586403392,0.22076227647616592 0.9664114754762261,0.18247962272747495 0.9664114754762261,0.18247962272747495 0.942246586403392))	4887
31	26	POLYGON ((0.22076227647616592 0.942246586403392,0.25904493022485686 0.942246586403392,0.25904493022485686 0.9664114754762261,0.22076227647616592 0.9664114754762261,0.22076227647616592 0.942246586403392))	377
0	27	POLYGON ((-0.9659999897332535 0.9664114754762261,-0.9277173359845626 0.9664114754762261,-0.9277173359845626 0.9905763645490604,-0.9659999897332535 0.9905763645490604,-0.9659999897332535 0.9664114754762261))	0
1	27	POLYGON ((-0.9277173359845626 0.9664114754762261,-0.8894346822358716 0.9664114754762261,-0.8894346822358716 0.9905763645490604,-0.9277173359845626 0.9905763645490604,-0.9277173359845626 0.9664114754762261))	0
2	27	POLYGON ((-0.8894346822358716 0.9664114754762261,-0.8511520284871807 0.9664114754762261,-0.8511520284871807 0.9905763645490604,-0.8894346822358716 0.9905763645490604,-0.8894346822358716 0.9664114754762261))	0
3	27	POLYGON ((-0.8511520284871807 0.9664114754762261,-0.8128693747384897 0.9664114754762261,-0.8128693747384897 0.9905763645490604,-0.8511520284871807 0.9905763645490604,-0.8511520284871807 0.9664114754762261))	0
4	27	POLYGON ((-0.8128693747384897 0.9664114754762261,-0.7745867209897987 0.9664114754762261,-0.7745867209897987 0.9905763645490604,-0.8128693747384897 0.9905763645490604,-0.8128693747384897 0.9664114754762261))	0
5	27	POLYGON ((-0.7745867209897987 0.9664114754762261,-0.7363040672411078 0.9664114754762261,-0.7363040672411078 0.9905763645490604,-0.7745867209897987 0.9905763645490604,-0.7745867209897987 0.9664114754762261))	0
6	27	POLYGON ((-0.7363040672411078 0.9664114754762261,-0.6980214134924169 0.9664114754762261,-0.6980214134924169 0.9905763645490604,-0.7363040672411078 0.9905763645490604,-0.7363040672411078 0.9664114754762261))	0
7	27	POLYGON ((-0.6980214134924169 0.9664114754762261,-0.6597387597437259 0.9664114754762261,-0.6597387597437259 0.9905763645490604,-0.6980214134924169 0.9905763645490604,-0.6980214134924169 0.9664114754762261))	0
8	27	POLYGON ((-0.6597387597437259 0.9664114754762261,-0.621456105995035 0.9664114754762261,-0.621456105995035 0.9905763645490604,-0.6597387597437259 0.9905763645490604,-0.6597387597437259 0.9664114754762261))	0
9	27	POLYGON ((-0.621456105995035 0.9664114754762261,-0.583173452246344 0.9664114754762261,-0.583173452246344 0.9905763645490604,-0.621456105995035 0.9905763645490604,-0.621456105995035 0.9664114754762261))	0
10	27	POLYGON ((-0.583173452246344 0.9664114754762261,-0.5448907984976531 0.9664114754762261,-0.5448907984976531 0.9905763645490604,-0.583173452246344 0.9905763645490604,-0.583173452246344 0.9664114754762261))	0
11	27	POLYGON ((-0.5448907984976531 0.9664114754762261,-0.5066081447489621 0.9664114754762261,-0.5066081447489621 0.9905763645490604,-0.5448907984976531 0.9905763645490604,-0.5448907984976531 0.9664114754762261))	0
12	27	POLYGON ((-0.5066081447489621 0.9664114754762261,-0.4683254910002712 0.9664114754762261,-0.4683254910002712 0.9905763645490604,-0.5066081447489621 0.9905763645490604,-0.5066081447489621 0.9664114754762261))	0
13	27	POLYGON ((-0.4683254910002712 0.9664114754762261,-0.4300428372515802 0.9664114754762261,-0.4300428372515802 0.9905763645490604,-0.4683254910002712 0.9905763645490604,-0.4683254910002712 0.9664114754762261))	0
14	27	POLYGON ((-0.4300428372515802 0.9664114754762261,-0.39176018350288927 0.9664114754762261,-0.39176018350288927 0.9905763645490604,-0.4300428372515802 0.9905763645490604,-0.4300428372515802 0.9664114754762261))	0
15	27	POLYGON ((-0.39176018350288927 0.9664114754762261,-0.3534775297541983 0.9664114754762261,-0.3534775297541983 0.9905763645490604,-0.39176018350288927 0.9905763645490604,-0.39176018350288927 0.9664114754762261))	0
16	27	POLYGON ((-0.3534775297541983 0.9664114754762261,-0.3151948760055074 0.9664114754762261,-0.3151948760055074 0.9905763645490604,-0.3534775297541983 0.9905763645490604,-0.3534775297541983 0.9664114754762261))	0
17	27	POLYGON ((-0.3151948760055074 0.9664114754762261,-0.27691222225681644 0.9664114754762261,-0.27691222225681644 0.9905763645490604,-0.3151948760055074 0.9905763645490604,-0.3151948760055074 0.9664114754762261))	0
18	27	POLYGON ((-0.27691222225681644 0.9664114754762261,-0.23862956850812547 0.9664114754762261,-0.23862956850812547 0.9905763645490604,-0.27691222225681644 0.9905763645490604,-0.27691222225681644 0.9664114754762261))	0
19	27	POLYGON ((-0.23862956850812547 0.9664114754762261,-0.2003469147594345 0.9664114754762261,-0.2003469147594345 0.9905763645490604,-0.23862956850812547 0.9905763645490604,-0.23862956850812547 0.9664114754762261))	0
20	27	POLYGON ((-0.2003469147594345 0.9664114754762261,-0.16206426101074356 0.9664114754762261,-0.16206426101074356 0.9905763645490604,-0.2003469147594345 0.9905763645490604,-0.2003469147594345 0.9664114754762261))	0
21	27	POLYGON ((-0.16206426101074356 0.9664114754762261,-0.12378160726205262 0.9664114754762261,-0.12378160726205262 0.9905763645490604,-0.16206426101074356 0.9905763645490604,-0.16206426101074356 0.9664114754762261))	0
22	27	POLYGON ((-0.12378160726205262 0.9664114754762261,-0.08549895351336165 0.9664114754762261,-0.08549895351336165 0.9905763645490604,-0.12378160726205262 0.9905763645490604,-0.12378160726205262 0.9664114754762261))	1
23	27	POLYGON ((-0.08549895351336165 0.9664114754762261,-0.04721629976467073 0.9664114754762261,-0.04721629976467073 0.9905763645490604,-0.08549895351336165 0.9905763645490604,-0.08549895351336165 0.9664114754762261))	36
24	27	POLYGON ((-0.04721629976467073 0.9664114754762261,-0.00893364601597979 0.9664114754762261,-0.00893364601597979 0.9905763645490604,-0.04721629976467073 0.9905763645490604,-0.04721629976467073 0.9664114754762261))	596
25	27	POLYGON ((-0.00893364601597979 0.9664114754762261,0.02934900773271118 0.9664114754762261,0.02934900773271118 0.9905763645490604,-0.00893364601597979 0.9905763645490604,-0.00893364601597979 0.9664114754762261))	4614
26	27	POLYGON ((0.02934900773271118 0.9664114754762261,0.06763166148140212 0.9664114754762261,0.06763166148140212 0.9905763645490604,0.02934900773271118 0.9905763645490604,0.02934900773271118 0.9664114754762261))	19906
27	27	POLYGON ((0.06763166148140212 0.9664114754762261,0.10591431523009305 0.9664114754762261,0.10591431523009305 0.9905763645490604,0.06763166148140212 0.9905763645490604,0.06763166148140212 0.9664114754762261))	48200
28	27	POLYGON ((0.10591431523009305 0.9664114754762261,0.14419696897878403 0.9664114754762261,0.14419696897878403 0.9905763645490604,0.10591431523009305 0.9905763645490604,0.10591431523009305 0.9664114754762261))	532925
29	27	POLYGON ((0.14419696897878403 0.9664114754762261,0.18247962272747495 0.9664114754762261,0.18247962272747495 0.9905763645490604,0.14419696897878403 0.9905763645490604,0.14419696897878403 0.9664114754762261))	104957
30	27	POLYGON ((0.18247962272747495 0.9664114754762261,0.22076227647616592 0.9664114754762261,0.22076227647616592 0.9905763645490604,0.18247962272747495 0.9905763645490604,0.18247962272747495 0.9664114754762261))	23028
31	27	POLYGON ((0.22076227647616592 0.9664114754762261,0.25904493022485686 0.9664114754762261,0.25904493022485686 0.9905763645490604,0.22076227647616592 0.9905763645490604,0.22076227647616592 0.9664114754762261))	3945
0	28	POLYGON ((-0.9659999897332535 0.9905763645490604,-0.9277173359845626 0.9905763645490604,-0.9277173359845626 1.0147412536218947,-0.9659999897332535 1.0147412536218947,-0.9659999897332535 0.9905763645490604))	0
1	28	POLYGON ((-0.9277173359845626 0.9905763645490604,-0.8894346822358716 0.9905763645490604,-0.8894346822358716 1.0147412536218947,-0.9277173359845626 1.0147412536218947,-0.9277173359845626 0.9905763645490604))	0
2	28	POLYGON ((-0.8894346822358716 0.9905763645490604,-0.8511520284871807 0.9905763645490604,-0.8511520284871807 1.0147412536218947,-0.8894346822358716 1.0147412536218947,-0.8894346822358716 0.9905763645490604))	0
3	28	POLYGON ((-0.8511520284871807 0.9905763645490604,-0.8128693747384897 0.9905763645490604,-0.8128693747384897 1.0147412536218947,-0.8511520284871807 1.0147412536218947,-0.8511520284871807 0.9905763645490604))	0
4	28	POLYGON ((-0.8128693747384897 0.9905763645490604,-0.7745867209897987 0.9905763645490604,-0.7745867209897987 1.0147412536218947,-0.8128693747384897 1.0147412536218947,-0.8128693747384897 0.9905763645490604))	0
5	28	POLYGON ((-0.7745867209897987 0.9905763645490604,-0.7363040672411078 0.9905763645490604,-0.7363040672411078 1.0147412536218947,-0.7745867209897987 1.0147412536218947,-0.7745867209897987 0.9905763645490604))	0
6	28	POLYGON ((-0.7363040672411078 0.9905763645490604,-0.6980214134924169 0.9905763645490604,-0.6980214134924169 1.0147412536218947,-0.7363040672411078 1.0147412536218947,-0.7363040672411078 0.9905763645490604))	0
7	28	POLYGON ((-0.6980214134924169 0.9905763645490604,-0.6597387597437259 0.9905763645490604,-0.6597387597437259 1.0147412536218947,-0.6980214134924169 1.0147412536218947,-0.6980214134924169 0.9905763645490604))	0
8	28	POLYGON ((-0.6597387597437259 0.9905763645490604,-0.621456105995035 0.9905763645490604,-0.621456105995035 1.0147412536218947,-0.6597387597437259 1.0147412536218947,-0.6597387597437259 0.9905763645490604))	0
9	28	POLYGON ((-0.621456105995035 0.9905763645490604,-0.583173452246344 0.9905763645490604,-0.583173452246344 1.0147412536218947,-0.621456105995035 1.0147412536218947,-0.621456105995035 0.9905763645490604))	0
10	28	POLYGON ((-0.583173452246344 0.9905763645490604,-0.5448907984976531 0.9905763645490604,-0.5448907984976531 1.0147412536218947,-0.583173452246344 1.0147412536218947,-0.583173452246344 0.9905763645490604))	0
11	28	POLYGON ((-0.5448907984976531 0.9905763645490604,-0.5066081447489621 0.9905763645490604,-0.5066081447489621 1.0147412536218947,-0.5448907984976531 1.0147412536218947,-0.5448907984976531 0.9905763645490604))	0
12	28	POLYGON ((-0.5066081447489621 0.9905763645490604,-0.4683254910002712 0.9905763645490604,-0.4683254910002712 1.0147412536218947,-0.5066081447489621 1.0147412536218947,-0.5066081447489621 0.9905763645490604))	0
13	28	POLYGON ((-0.4683254910002712 0.9905763645490604,-0.4300428372515802 0.9905763645490604,-0.4300428372515802 1.0147412536218947,-0.4683254910002712 1.0147412536218947,-0.4683254910002712 0.9905763645490604))	0
14	28	POLYGON ((-0.4300428372515802 0.9905763645490604,-0.39176018350288927 0.9905763645490604,-0.39176018350288927 1.0147412536218947,-0.4300428372515802 1.0147412536218947,-0.4300428372515802 0.9905763645490604))	0
15	28	POLYGON ((-0.39176018350288927 0.9905763645490604,-0.3534775297541983 0.9905763645490604,-0.3534775297541983 1.0147412536218947,-0.39176018350288927 1.0147412536218947,-0.39176018350288927 0.9905763645490604))	0
16	28	POLYGON ((-0.3534775297541983 0.9905763645490604,-0.3151948760055074 0.9905763645490604,-0.3151948760055074 1.0147412536218947,-0.3534775297541983 1.0147412536218947,-0.3534775297541983 0.9905763645490604))	0
17	28	POLYGON ((-0.3151948760055074 0.9905763645490604,-0.27691222225681644 0.9905763645490604,-0.27691222225681644 1.0147412536218947,-0.3151948760055074 1.0147412536218947,-0.3151948760055074 0.9905763645490604))	0
18	28	POLYGON ((-0.27691222225681644 0.9905763645490604,-0.23862956850812547 0.9905763645490604,-0.23862956850812547 1.0147412536218947,-0.27691222225681644 1.0147412536218947,-0.27691222225681644 0.9905763645490604))	0
19	28	POLYGON ((-0.23862956850812547 0.9905763645490604,-0.2003469147594345 0.9905763645490604,-0.2003469147594345 1.0147412536218947,-0.23862956850812547 1.0147412536218947,-0.23862956850812547 0.9905763645490604))	0
20	28	POLYGON ((-0.2003469147594345 0.9905763645490604,-0.16206426101074356 0.9905763645490604,-0.16206426101074356 1.0147412536218947,-0.2003469147594345 1.0147412536218947,-0.2003469147594345 0.9905763645490604))	0
21	28	POLYGON ((-0.16206426101074356 0.9905763645490604,-0.12378160726205262 0.9905763645490604,-0.12378160726205262 1.0147412536218947,-0.16206426101074356 1.0147412536218947,-0.16206426101074356 0.9905763645490604))	0
22	28	POLYGON ((-0.12378160726205262 0.9905763645490604,-0.08549895351336165 0.9905763645490604,-0.08549895351336165 1.0147412536218947,-0.12378160726205262 1.0147412536218947,-0.12378160726205262 0.9905763645490604))	0
23	28	POLYGON ((-0.08549895351336165 0.9905763645490604,-0.04721629976467073 0.9905763645490604,-0.04721629976467073 1.0147412536218947,-0.08549895351336165 1.0147412536218947,-0.08549895351336165 0.9905763645490604))	2
24	28	POLYGON ((-0.04721629976467073 0.9905763645490604,-0.00893364601597979 0.9905763645490604,-0.00893364601597979 1.0147412536218947,-0.04721629976467073 1.0147412536218947,-0.04721629976467073 0.9905763645490604))	26
25	28	POLYGON ((-0.00893364601597979 0.9905763645490604,0.02934900773271118 0.9905763645490604,0.02934900773271118 1.0147412536218947,-0.00893364601597979 1.0147412536218947,-0.00893364601597979 0.9905763645490604))	458
26	28	POLYGON ((0.02934900773271118 0.9905763645490604,0.06763166148140212 0.9905763645490604,0.06763166148140212 1.0147412536218947,0.02934900773271118 1.0147412536218947,0.02934900773271118 0.9905763645490604))	3883
27	28	POLYGON ((0.06763166148140212 0.9905763645490604,0.10591431523009305 0.9905763645490604,0.10591431523009305 1.0147412536218947,0.06763166148140212 1.0147412536218947,0.06763166148140212 0.9905763645490604))	17767
28	28	POLYGON ((0.10591431523009305 0.9905763645490604,0.14419696897878403 0.9905763645490604,0.14419696897878403 1.0147412536218947,0.10591431523009305 1.0147412536218947,0.10591431523009305 0.9905763645490604))	45576
29	28	POLYGON ((0.14419696897878403 0.9905763645490604,0.18247962272747495 0.9905763645490604,0.18247962272747495 1.0147412536218947,0.14419696897878403 1.0147412536218947,0.14419696897878403 0.9905763645490604))	488380
30	28	POLYGON ((0.18247962272747495 0.9905763645490604,0.22076227647616592 0.9905763645490604,0.22076227647616592 1.0147412536218947,0.18247962272747495 1.0147412536218947,0.18247962272747495 0.9905763645490604))	151846
31	28	POLYGON ((0.22076227647616592 0.9905763645490604,0.25904493022485686 0.9905763645490604,0.25904493022485686 1.0147412536218947,0.22076227647616592 1.0147412536218947,0.22076227647616592 0.9905763645490604))	19935
0	29	POLYGON ((-0.9659999897332535 1.0147412536218947,-0.9277173359845626 1.0147412536218947,-0.9277173359845626 1.0389061426947288,-0.9659999897332535 1.0389061426947288,-0.9659999897332535 1.0147412536218947))	0
1	29	POLYGON ((-0.9277173359845626 1.0147412536218947,-0.8894346822358716 1.0147412536218947,-0.8894346822358716 1.0389061426947288,-0.9277173359845626 1.0389061426947288,-0.9277173359845626 1.0147412536218947))	0
2	29	POLYGON ((-0.8894346822358716 1.0147412536218947,-0.8511520284871807 1.0147412536218947,-0.8511520284871807 1.0389061426947288,-0.8894346822358716 1.0389061426947288,-0.8894346822358716 1.0147412536218947))	0
3	29	POLYGON ((-0.8511520284871807 1.0147412536218947,-0.8128693747384897 1.0147412536218947,-0.8128693747384897 1.0389061426947288,-0.8511520284871807 1.0389061426947288,-0.8511520284871807 1.0147412536218947))	0
4	29	POLYGON ((-0.8128693747384897 1.0147412536218947,-0.7745867209897987 1.0147412536218947,-0.7745867209897987 1.0389061426947288,-0.8128693747384897 1.0389061426947288,-0.8128693747384897 1.0147412536218947))	0
5	29	POLYGON ((-0.7745867209897987 1.0147412536218947,-0.7363040672411078 1.0147412536218947,-0.7363040672411078 1.0389061426947288,-0.7745867209897987 1.0389061426947288,-0.7745867209897987 1.0147412536218947))	0
6	29	POLYGON ((-0.7363040672411078 1.0147412536218947,-0.6980214134924169 1.0147412536218947,-0.6980214134924169 1.0389061426947288,-0.7363040672411078 1.0389061426947288,-0.7363040672411078 1.0147412536218947))	0
7	29	POLYGON ((-0.6980214134924169 1.0147412536218947,-0.6597387597437259 1.0147412536218947,-0.6597387597437259 1.0389061426947288,-0.6980214134924169 1.0389061426947288,-0.6980214134924169 1.0147412536218947))	0
8	29	POLYGON ((-0.6597387597437259 1.0147412536218947,-0.621456105995035 1.0147412536218947,-0.621456105995035 1.0389061426947288,-0.6597387597437259 1.0389061426947288,-0.6597387597437259 1.0147412536218947))	0
9	29	POLYGON ((-0.621456105995035 1.0147412536218947,-0.583173452246344 1.0147412536218947,-0.583173452246344 1.0389061426947288,-0.621456105995035 1.0389061426947288,-0.621456105995035 1.0147412536218947))	0
10	29	POLYGON ((-0.583173452246344 1.0147412536218947,-0.5448907984976531 1.0147412536218947,-0.5448907984976531 1.0389061426947288,-0.583173452246344 1.0389061426947288,-0.583173452246344 1.0147412536218947))	0
11	29	POLYGON ((-0.5448907984976531 1.0147412536218947,-0.5066081447489621 1.0147412536218947,-0.5066081447489621 1.0389061426947288,-0.5448907984976531 1.0389061426947288,-0.5448907984976531 1.0147412536218947))	0
12	29	POLYGON ((-0.5066081447489621 1.0147412536218947,-0.4683254910002712 1.0147412536218947,-0.4683254910002712 1.0389061426947288,-0.5066081447489621 1.0389061426947288,-0.5066081447489621 1.0147412536218947))	0
13	29	POLYGON ((-0.4683254910002712 1.0147412536218947,-0.4300428372515802 1.0147412536218947,-0.4300428372515802 1.0389061426947288,-0.4683254910002712 1.0389061426947288,-0.4683254910002712 1.0147412536218947))	0
14	29	POLYGON ((-0.4300428372515802 1.0147412536218947,-0.39176018350288927 1.0147412536218947,-0.39176018350288927 1.0389061426947288,-0.4300428372515802 1.0389061426947288,-0.4300428372515802 1.0147412536218947))	0
15	29	POLYGON ((-0.39176018350288927 1.0147412536218947,-0.3534775297541983 1.0147412536218947,-0.3534775297541983 1.0389061426947288,-0.39176018350288927 1.0389061426947288,-0.39176018350288927 1.0147412536218947))	0
16	29	POLYGON ((-0.3534775297541983 1.0147412536218947,-0.3151948760055074 1.0147412536218947,-0.3151948760055074 1.0389061426947288,-0.3534775297541983 1.0389061426947288,-0.3534775297541983 1.0147412536218947))	0
17	29	POLYGON ((-0.3151948760055074 1.0147412536218947,-0.27691222225681644 1.0147412536218947,-0.27691222225681644 1.0389061426947288,-0.3151948760055074 1.0389061426947288,-0.3151948760055074 1.0147412536218947))	0
18	29	POLYGON ((-0.27691222225681644 1.0147412536218947,-0.23862956850812547 1.0147412536218947,-0.23862956850812547 1.0389061426947288,-0.27691222225681644 1.0389061426947288,-0.27691222225681644 1.0147412536218947))	0
19	29	POLYGON ((-0.23862956850812547 1.0147412536218947,-0.2003469147594345 1.0147412536218947,-0.2003469147594345 1.0389061426947288,-0.23862956850812547 1.0389061426947288,-0.23862956850812547 1.0147412536218947))	0
20	29	POLYGON ((-0.2003469147594345 1.0147412536218947,-0.16206426101074356 1.0147412536218947,-0.16206426101074356 1.0389061426947288,-0.2003469147594345 1.0389061426947288,-0.2003469147594345 1.0147412536218947))	0
21	29	POLYGON ((-0.16206426101074356 1.0147412536218947,-0.12378160726205262 1.0147412536218947,-0.12378160726205262 1.0389061426947288,-0.16206426101074356 1.0389061426947288,-0.16206426101074356 1.0147412536218947))	0
22	29	POLYGON ((-0.12378160726205262 1.0147412536218947,-0.08549895351336165 1.0147412536218947,-0.08549895351336165 1.0389061426947288,-0.12378160726205262 1.0389061426947288,-0.12378160726205262 1.0147412536218947))	0
23	29	POLYGON ((-0.08549895351336165 1.0147412536218947,-0.04721629976467073 1.0147412536218947,-0.04721629976467073 1.0389061426947288,-0.08549895351336165 1.0389061426947288,-0.08549895351336165 1.0147412536218947))	0
24	29	POLYGON ((-0.04721629976467073 1.0147412536218947,-0.00893364601597979 1.0147412536218947,-0.00893364601597979 1.0389061426947288,-0.04721629976467073 1.0389061426947288,-0.04721629976467073 1.0147412536218947))	1
25	29	POLYGON ((-0.00893364601597979 1.0147412536218947,0.02934900773271118 1.0147412536218947,0.02934900773271118 1.0389061426947288,-0.00893364601597979 1.0389061426947288,-0.00893364601597979 1.0147412536218947))	19
26	29	POLYGON ((0.02934900773271118 1.0147412536218947,0.06763166148140212 1.0147412536218947,0.06763166148140212 1.0389061426947288,0.02934900773271118 1.0389061426947288,0.02934900773271118 1.0147412536218947))	397
27	29	POLYGON ((0.06763166148140212 1.0147412536218947,0.10591431523009305 1.0147412536218947,0.10591431523009305 1.0389061426947288,0.06763166148140212 1.0389061426947288,0.06763166148140212 1.0147412536218947))	3328
28	29	POLYGON ((0.10591431523009305 1.0147412536218947,0.14419696897878403 1.0147412536218947,0.14419696897878403 1.0389061426947288,0.10591431523009305 1.0389061426947288,0.10591431523009305 1.0147412536218947))	15634
29	29	POLYGON ((0.14419696897878403 1.0147412536218947,0.18247962272747495 1.0147412536218947,0.18247962272747495 1.0389061426947288,0.14419696897878403 1.0389061426947288,0.14419696897878403 1.0147412536218947))	42418
30	29	POLYGON ((0.18247962272747495 1.0147412536218947,0.22076227647616592 1.0147412536218947,0.22076227647616592 1.0389061426947288,0.18247962272747495 1.0389061426947288,0.18247962272747495 1.0147412536218947))	442939
31	29	POLYGON ((0.22076227647616592 1.0147412536218947,0.25904493022485686 1.0147412536218947,0.25904493022485686 1.0389061426947288,0.22076227647616592 1.0389061426947288,0.22076227647616592 1.0147412536218947))	191077
0	30	POLYGON ((-0.9659999897332535 1.0389061426947288,-0.9277173359845626 1.0389061426947288,-0.9277173359845626 1.0630710317675631,-0.9659999897332535 1.0630710317675631,-0.9659999897332535 1.0389061426947288))	0
1	30	POLYGON ((-0.9277173359845626 1.0389061426947288,-0.8894346822358716 1.0389061426947288,-0.8894346822358716 1.0630710317675631,-0.9277173359845626 1.0630710317675631,-0.9277173359845626 1.0389061426947288))	0
2	30	POLYGON ((-0.8894346822358716 1.0389061426947288,-0.8511520284871807 1.0389061426947288,-0.8511520284871807 1.0630710317675631,-0.8894346822358716 1.0630710317675631,-0.8894346822358716 1.0389061426947288))	0
3	30	POLYGON ((-0.8511520284871807 1.0389061426947288,-0.8128693747384897 1.0389061426947288,-0.8128693747384897 1.0630710317675631,-0.8511520284871807 1.0630710317675631,-0.8511520284871807 1.0389061426947288))	0
4	30	POLYGON ((-0.8128693747384897 1.0389061426947288,-0.7745867209897987 1.0389061426947288,-0.7745867209897987 1.0630710317675631,-0.8128693747384897 1.0630710317675631,-0.8128693747384897 1.0389061426947288))	0
5	30	POLYGON ((-0.7745867209897987 1.0389061426947288,-0.7363040672411078 1.0389061426947288,-0.7363040672411078 1.0630710317675631,-0.7745867209897987 1.0630710317675631,-0.7745867209897987 1.0389061426947288))	0
6	30	POLYGON ((-0.7363040672411078 1.0389061426947288,-0.6980214134924169 1.0389061426947288,-0.6980214134924169 1.0630710317675631,-0.7363040672411078 1.0630710317675631,-0.7363040672411078 1.0389061426947288))	0
7	30	POLYGON ((-0.6980214134924169 1.0389061426947288,-0.6597387597437259 1.0389061426947288,-0.6597387597437259 1.0630710317675631,-0.6980214134924169 1.0630710317675631,-0.6980214134924169 1.0389061426947288))	0
8	30	POLYGON ((-0.6597387597437259 1.0389061426947288,-0.621456105995035 1.0389061426947288,-0.621456105995035 1.0630710317675631,-0.6597387597437259 1.0630710317675631,-0.6597387597437259 1.0389061426947288))	0
9	30	POLYGON ((-0.621456105995035 1.0389061426947288,-0.583173452246344 1.0389061426947288,-0.583173452246344 1.0630710317675631,-0.621456105995035 1.0630710317675631,-0.621456105995035 1.0389061426947288))	0
10	30	POLYGON ((-0.583173452246344 1.0389061426947288,-0.5448907984976531 1.0389061426947288,-0.5448907984976531 1.0630710317675631,-0.583173452246344 1.0630710317675631,-0.583173452246344 1.0389061426947288))	0
11	30	POLYGON ((-0.5448907984976531 1.0389061426947288,-0.5066081447489621 1.0389061426947288,-0.5066081447489621 1.0630710317675631,-0.5448907984976531 1.0630710317675631,-0.5448907984976531 1.0389061426947288))	0
12	30	POLYGON ((-0.5066081447489621 1.0389061426947288,-0.4683254910002712 1.0389061426947288,-0.4683254910002712 1.0630710317675631,-0.5066081447489621 1.0630710317675631,-0.5066081447489621 1.0389061426947288))	0
13	30	POLYGON ((-0.4683254910002712 1.0389061426947288,-0.4300428372515802 1.0389061426947288,-0.4300428372515802 1.0630710317675631,-0.4683254910002712 1.0630710317675631,-0.4683254910002712 1.0389061426947288))	0
14	30	POLYGON ((-0.4300428372515802 1.0389061426947288,-0.39176018350288927 1.0389061426947288,-0.39176018350288927 1.0630710317675631,-0.4300428372515802 1.0630710317675631,-0.4300428372515802 1.0389061426947288))	0
15	30	POLYGON ((-0.39176018350288927 1.0389061426947288,-0.3534775297541983 1.0389061426947288,-0.3534775297541983 1.0630710317675631,-0.39176018350288927 1.0630710317675631,-0.39176018350288927 1.0389061426947288))	0
16	30	POLYGON ((-0.3534775297541983 1.0389061426947288,-0.3151948760055074 1.0389061426947288,-0.3151948760055074 1.0630710317675631,-0.3534775297541983 1.0630710317675631,-0.3534775297541983 1.0389061426947288))	0
17	30	POLYGON ((-0.3151948760055074 1.0389061426947288,-0.27691222225681644 1.0389061426947288,-0.27691222225681644 1.0630710317675631,-0.3151948760055074 1.0630710317675631,-0.3151948760055074 1.0389061426947288))	0
18	30	POLYGON ((-0.27691222225681644 1.0389061426947288,-0.23862956850812547 1.0389061426947288,-0.23862956850812547 1.0630710317675631,-0.27691222225681644 1.0630710317675631,-0.27691222225681644 1.0389061426947288))	0
19	30	POLYGON ((-0.23862956850812547 1.0389061426947288,-0.2003469147594345 1.0389061426947288,-0.2003469147594345 1.0630710317675631,-0.23862956850812547 1.0630710317675631,-0.23862956850812547 1.0389061426947288))	0
20	30	POLYGON ((-0.2003469147594345 1.0389061426947288,-0.16206426101074356 1.0389061426947288,-0.16206426101074356 1.0630710317675631,-0.2003469147594345 1.0630710317675631,-0.2003469147594345 1.0389061426947288))	0
21	30	POLYGON ((-0.16206426101074356 1.0389061426947288,-0.12378160726205262 1.0389061426947288,-0.12378160726205262 1.0630710317675631,-0.16206426101074356 1.0630710317675631,-0.16206426101074356 1.0389061426947288))	0
22	30	POLYGON ((-0.12378160726205262 1.0389061426947288,-0.08549895351336165 1.0389061426947288,-0.08549895351336165 1.0630710317675631,-0.12378160726205262 1.0630710317675631,-0.12378160726205262 1.0389061426947288))	0
23	30	POLYGON ((-0.08549895351336165 1.0389061426947288,-0.04721629976467073 1.0389061426947288,-0.04721629976467073 1.0630710317675631,-0.08549895351336165 1.0630710317675631,-0.08549895351336165 1.0389061426947288))	0
24	30	POLYGON ((-0.04721629976467073 1.0389061426947288,-0.00893364601597979 1.0389061426947288,-0.00893364601597979 1.0630710317675631,-0.04721629976467073 1.0630710317675631,-0.04721629976467073 1.0389061426947288))	0
25	30	POLYGON ((-0.00893364601597979 1.0389061426947288,0.02934900773271118 1.0389061426947288,0.02934900773271118 1.0630710317675631,-0.00893364601597979 1.0630710317675631,-0.00893364601597979 1.0389061426947288))	2
26	30	POLYGON ((0.02934900773271118 1.0389061426947288,0.06763166148140212 1.0389061426947288,0.06763166148140212 1.0630710317675631,0.02934900773271118 1.0630710317675631,0.02934900773271118 1.0389061426947288))	18
27	30	POLYGON ((0.06763166148140212 1.0389061426947288,0.10591431523009305 1.0389061426947288,0.10591431523009305 1.0630710317675631,0.06763166148140212 1.0630710317675631,0.06763166148140212 1.0389061426947288))	319
28	30	POLYGON ((0.10591431523009305 1.0389061426947288,0.14419696897878403 1.0389061426947288,0.14419696897878403 1.0630710317675631,0.10591431523009305 1.0630710317675631,0.10591431523009305 1.0389061426947288))	2789
29	30	POLYGON ((0.14419696897878403 1.0389061426947288,0.18247962272747495 1.0389061426947288,0.18247962272747495 1.0630710317675631,0.14419696897878403 1.0630710317675631,0.14419696897878403 1.0389061426947288))	13841
30	30	POLYGON ((0.18247962272747495 1.0389061426947288,0.22076227647616592 1.0389061426947288,0.22076227647616592 1.0630710317675631,0.18247962272747495 1.0630710317675631,0.18247962272747495 1.0389061426947288))	40297
31	30	POLYGON ((0.22076227647616592 1.0389061426947288,0.25904493022485686 1.0389061426947288,0.25904493022485686 1.0630710317675631,0.22076227647616592 1.0630710317675631,0.22076227647616592 1.0389061426947288))	384067
0	31	POLYGON ((-0.9659999897332535 1.0630710317675631,-0.9277173359845626 1.0630710317675631,-0.9277173359845626 1.0872359208403974,-0.9659999897332535 1.0872359208403974,-0.9659999897332535 1.0630710317675631))	0
1	31	POLYGON ((-0.9277173359845626 1.0630710317675631,-0.8894346822358716 1.0630710317675631,-0.8894346822358716 1.0872359208403974,-0.9277173359845626 1.0872359208403974,-0.9277173359845626 1.0630710317675631))	0
2	31	POLYGON ((-0.8894346822358716 1.0630710317675631,-0.8511520284871807 1.0630710317675631,-0.8511520284871807 1.0872359208403974,-0.8894346822358716 1.0872359208403974,-0.8894346822358716 1.0630710317675631))	0
3	31	POLYGON ((-0.8511520284871807 1.0630710317675631,-0.8128693747384897 1.0630710317675631,-0.8128693747384897 1.0872359208403974,-0.8511520284871807 1.0872359208403974,-0.8511520284871807 1.0630710317675631))	0
4	31	POLYGON ((-0.8128693747384897 1.0630710317675631,-0.7745867209897987 1.0630710317675631,-0.7745867209897987 1.0872359208403974,-0.8128693747384897 1.0872359208403974,-0.8128693747384897 1.0630710317675631))	0
5	31	POLYGON ((-0.7745867209897987 1.0630710317675631,-0.7363040672411078 1.0630710317675631,-0.7363040672411078 1.0872359208403974,-0.7745867209897987 1.0872359208403974,-0.7745867209897987 1.0630710317675631))	0
6	31	POLYGON ((-0.7363040672411078 1.0630710317675631,-0.6980214134924169 1.0630710317675631,-0.6980214134924169 1.0872359208403974,-0.7363040672411078 1.0872359208403974,-0.7363040672411078 1.0630710317675631))	0
7	31	POLYGON ((-0.6980214134924169 1.0630710317675631,-0.6597387597437259 1.0630710317675631,-0.6597387597437259 1.0872359208403974,-0.6980214134924169 1.0872359208403974,-0.6980214134924169 1.0630710317675631))	0
8	31	POLYGON ((-0.6597387597437259 1.0630710317675631,-0.621456105995035 1.0630710317675631,-0.621456105995035 1.0872359208403974,-0.6597387597437259 1.0872359208403974,-0.6597387597437259 1.0630710317675631))	0
9	31	POLYGON ((-0.621456105995035 1.0630710317675631,-0.583173452246344 1.0630710317675631,-0.583173452246344 1.0872359208403974,-0.621456105995035 1.0872359208403974,-0.621456105995035 1.0630710317675631))	0
10	31	POLYGON ((-0.583173452246344 1.0630710317675631,-0.5448907984976531 1.0630710317675631,-0.5448907984976531 1.0872359208403974,-0.583173452246344 1.0872359208403974,-0.583173452246344 1.0630710317675631))	0
11	31	POLYGON ((-0.5448907984976531 1.0630710317675631,-0.5066081447489621 1.0630710317675631,-0.5066081447489621 1.0872359208403974,-0.5448907984976531 1.0872359208403974,-0.5448907984976531 1.0630710317675631))	0
12	31	POLYGON ((-0.5066081447489621 1.0630710317675631,-0.4683254910002712 1.0630710317675631,-0.4683254910002712 1.0872359208403974,-0.5066081447489621 1.0872359208403974,-0.5066081447489621 1.0630710317675631))	0
13	31	POLYGON ((-0.4683254910002712 1.0630710317675631,-0.4300428372515802 1.0630710317675631,-0.4300428372515802 1.0872359208403974,-0.4683254910002712 1.0872359208403974,-0.4683254910002712 1.0630710317675631))	0
14	31	POLYGON ((-0.4300428372515802 1.0630710317675631,-0.39176018350288927 1.0630710317675631,-0.39176018350288927 1.0872359208403974,-0.4300428372515802 1.0872359208403974,-0.4300428372515802 1.0630710317675631))	0
15	31	POLYGON ((-0.39176018350288927 1.0630710317675631,-0.3534775297541983 1.0630710317675631,-0.3534775297541983 1.0872359208403974,-0.39176018350288927 1.0872359208403974,-0.39176018350288927 1.0630710317675631))	0
16	31	POLYGON ((-0.3534775297541983 1.0630710317675631,-0.3151948760055074 1.0630710317675631,-0.3151948760055074 1.0872359208403974,-0.3534775297541983 1.0872359208403974,-0.3534775297541983 1.0630710317675631))	0
17	31	POLYGON ((-0.3151948760055074 1.0630710317675631,-0.27691222225681644 1.0630710317675631,-0.27691222225681644 1.0872359208403974,-0.3151948760055074 1.0872359208403974,-0.3151948760055074 1.0630710317675631))	0
18	31	POLYGON ((-0.27691222225681644 1.0630710317675631,-0.23862956850812547 1.0630710317675631,-0.23862956850812547 1.0872359208403974,-0.27691222225681644 1.0872359208403974,-0.27691222225681644 1.0630710317675631))	0
19	31	POLYGON ((-0.23862956850812547 1.0630710317675631,-0.2003469147594345 1.0630710317675631,-0.2003469147594345 1.0872359208403974,-0.23862956850812547 1.0872359208403974,-0.23862956850812547 1.0630710317675631))	0
20	31	POLYGON ((-0.2003469147594345 1.0630710317675631,-0.16206426101074356 1.0630710317675631,-0.16206426101074356 1.0872359208403974,-0.2003469147594345 1.0872359208403974,-0.2003469147594345 1.0630710317675631))	0
21	31	POLYGON ((-0.16206426101074356 1.0630710317675631,-0.12378160726205262 1.0630710317675631,-0.12378160726205262 1.0872359208403974,-0.16206426101074356 1.0872359208403974,-0.16206426101074356 1.0630710317675631))	0
22	31	POLYGON ((-0.12378160726205262 1.0630710317675631,-0.08549895351336165 1.0630710317675631,-0.08549895351336165 1.0872359208403974,-0.12378160726205262 1.0872359208403974,-0.12378160726205262 1.0630710317675631))	0
23	31	POLYGON ((-0.08549895351336165 1.0630710317675631,-0.04721629976467073 1.0630710317675631,-0.04721629976467073 1.0872359208403974,-0.08549895351336165 1.0872359208403974,-0.08549895351336165 1.0630710317675631))	0
24	31	POLYGON ((-0.04721629976467073 1.0630710317675631,-0.00893364601597979 1.0630710317675631,-0.00893364601597979 1.0872359208403974,-0.04721629976467073 1.0872359208403974,-0.04721629976467073 1.0630710317675631))	0
25	31	POLYGON ((-0.00893364601597979 1.0630710317675631,0.02934900773271118 1.0630710317675631,0.02934900773271118 1.0872359208403974,-0.00893364601597979 1.0872359208403974,-0.00893364601597979 1.0630710317675631))	0
26	31	POLYGON ((0.02934900773271118 1.0630710317675631,0.06763166148140212 1.0630710317675631,0.06763166148140212 1.0872359208403974,0.02934900773271118 1.0872359208403974,0.02934900773271118 1.0630710317675631))	0
27	31	POLYGON ((0.06763166148140212 1.0630710317675631,0.10591431523009305 1.0630710317675631,0.10591431523009305 1.0872359208403974,0.06763166148140212 1.0872359208403974,0.06763166148140212 1.0630710317675631))	16
28	31	POLYGON ((0.10591431523009305 1.0630710317675631,0.14419696897878403 1.0630710317675631,0.14419696897878403 1.0872359208403974,0.10591431523009305 1.0872359208403974,0.10591431523009305 1.0630710317675631))	235
29	31	POLYGON ((0.14419696897878403 1.0630710317675631,0.18247962272747495 1.0630710317675631,0.18247962272747495 1.0872359208403974,0.14419696897878403 1.0872359208403974,0.14419696897878403 1.0630710317675631))	1916
30	31	POLYGON ((0.18247962272747495 1.0630710317675631,0.22076227647616592 1.0630710317675631,0.22076227647616592 1.0872359208403974,0.18247962272747495 1.0872359208403974,0.18247962272747495 1.0630710317675631))	4516
31	31	POLYGON ((0.22076227647616592 1.0630710317675631,0.25904493022485686 1.0630710317675631,0.25904493022485686 1.0872359208403974,0.22076227647616592 1.0872359208403974,0.22076227647616592 1.0630710317675631))	195
